68
87
2F
00
00
6A
42
E8
A2
00
00
00
90
90
90
90
90
90
90
90
90
90
90
90
90
90
90
90
90
90
90
90
90
90
90
90
90
90
90
90
90
90
90
90
90
90
90
90
90
90
90
90
90
90
90
90
90
90
90
90
90
90
90
90
90
90
90
90
90
90
90
90
90
90
90
90
90
90
90
90
90
90
90
90
90
90
90
90
90
90
90
90
90
90
90
90
90
90
90
90
90
90
90
90
90
90
90
90
90
90
90
90
90
90
90
90
90
90
90
90
90
90
90
90
90
90
90
90
90
90
90
90
90
90
90
90
90
90
90
90
90
90
90
90
90
90
90
90
90
90
90
90
90
90
90
90
90
90
90
90
90
90
90
90
90
90
90
90
90
90
90
90
90
90
8D
64
24
08
55
56
57
EB
2F
32
EB
41
23
52
05
40
04
2A
22
22
E2
8E
E8
9E
09
2F
A2
5A
05
80
B8
FB
0F
19
11
B1
DB
7D
87
C8
0C
CE
2C
22
12
31
43
24
02
3B
A3
2A
F2
8F
88
08
EB
D0
B6
0B
D0
EB
2B
9D
09
E0
6E
06
DE
9D
D9
DD
0D
20
42
04
F8
EB
EE
1F
EB
2D
91
C9
DC
DD
AD
0A
D3
CD
4C
C4
AC
CA
8C
08
24
B2
8B
98
49
B4
FB
0F
6A
46
EB
E4
84
08
10
81
C8
0C
4B
B4
FB
CF
FC
0F
30
03
74
A7
4A
54
E5
53
68
DB
FF
DF
5B
52
2B
D3
BA
DB
FF
DF
4B
31
54
24
04
5A
EB
2F
32
EB
41
23
52
05
40
04
CD
0C
00
60
56
F5
1F
01
E0
AE
FA
FF
4F
34
73
07
C0
3C
83
38
83
F8
5F
05
32
53
65
E6
1E
31
A3
0A
85
28
E2
2E
12
41
84
EB
D0
08
EE
5E
F5
AF
2A
42
F4
0F
6C
26
12
E1
FE
4F
D4
0D
25
02
5D
33
C0
83
F8
01
0F
84
9B
01
00
00
8B
6C
24
18
6A
30
68
2B
AB
84
AB
51
54
68
0A
CB
7D
03
E8
AB
00
00
00
90
90
90
90
90
90
90
90
90
90
90
90
90
90
90
90
90
90
90
90
90
90
90
90
90
90
90
90
90
90
90
90
90
90
90
90
90
90
90
90
90
90
90
90
90
90
90
90
90
90
90
90
90
90
90
90
90
90
90
90
90
90
90
90
90
90
90
90
90
90
90
90
90
90
90
90
90
90
90
90
90
90
90
90
90
90
90
90
90
90
90
90
90
90
90
90
90
90
90
90
90
90
90
90
90
90
90
90
90
90
90
90
90
90
90
90
90
90
90
90
90
90
90
90
90
90
90
90
90
90
90
90
90
90
90
90
90
90
90
90
90
90
90
90
90
90
90
90
90
90
90
90
90
90
90
90
90
90
90
90
90
90
90
90
90
90
90
90
90
90
90
8D
64
24
18
83
7C
24
1C
01
0F
84
CA
00
00
00
5B
5F
53
C1
E3
BA
5B
5E
EB
2D
32
EB
3F
23
52
05
40
04
84
98
99
19
11
11
D1
0D
5D
D5
BD
AB
6A
E6
2E
02
1E
A1
3A
A3
7A
07
5D
15
41
E4
BE
4B
64
06
F9
9F
79
47
34
93
59
EB
D2
05
77
27
B2
7B
EB
30
87
18
B1
0B
E6
3E
73
47
C4
DC
9D
09
EB
F0
3B
B3
EB
2F
AB
2A
B2
8B
E8
0E
35
73
67
B6
9B
C9
DC
0D
BA
0B
D0
6D
D6
9D
29
02
B7
BB
8B
88
58
85
08
82
EB
DE
68
16
E1
BE
AB
6A
06
BA
5B
05
00
70
97
49
04
5D
83
C4
04
B8
01
00
00
00
C3
EB
2C
32
23
52
05
40
EB
36
04
B7
AB
DA
5D
D5
ED
2E
02
70
F7
3F
13
91
C9
1C
01
47
34
93
D9
BD
AB
7A
07
9B
09
50
C5
CC
4C
44
04
71
37
D3
DD
EB
D7
8D
E8
AE
0A
58
45
64
66
06
70
87
08
C5
9C
F9
8B
DD
03
5C
24
10
81
C3
00
10
00
00
53
53
6A
48
68
63
5D
38
7B
6A
E2
E8
7B
00
00
00
90
90
90
90
90
90
90
90
90
90
90
90
90
90
90
90
90
90
90
90
90
90
90
90
90
90
90
90
90
90
90
90
90
90
90
90
90
90
90
90
90
90
90
90
90
90
90
90
90
90
90
90
90
90
90
90
90
90
90
90
90
90
90
90
90
90
90
90
90
90
90
90
90
90
90
90
90
90
90
90
90
90
90
90
90
90
90
90
90
90
90
90
90
90
90
90
90
90
90
90
90
90
90
90
90
90
90
90
90
90
90
90
90
90
90
90
90
90
90
90
90
90
90
8D
64
24
18
8B
5B
04
68
95
E4
27
83
6A
C8
E8
9E
00
00
00
90
90
90
90
90
90
90
90
90
90
90
90
90
90
90
90
90
90
90
90
90
90
90
90
90
90
90
90
90
90
90
90
90
90
90
90
90
90
90
90
90
90
90
90
90
90
90
90
90
90
90
90
90
90
90
90
90
90
90
90
90
90
90
90
90
90
90
90
90
90
90
90
90
90
90
90
90
90
90
90
90
90
90
90
90
90
90
90
90
90
90
90
90
90
90
90
90
90
90
90
90
90
90
90
90
90
90
90
90
90
90
90
90
90
90
90
90
90
90
90
90
90
90
90
90
90
90
90
90
90
90
90
90
90
90
90
90
90
90
90
90
90
90
90
90
90
90
90
90
90
90
90
90
90
90
90
90
90
8D
64
24
08
33
1C
24
68
41
4D
43
BD
68
68
D8
92
B3
68
03
41
A1
2F
68
02
40
CC
75
E8
E4
00
00
00
90
90
90
90
90
90
90
90
90
90
90
90
90
90
90
90
90
90
90
90
90
90
90
90
90
90
90
90
90
90
90
90
90
90
90
90
90
90
90
90
90
90
90
90
90
90
90
90
90
90
90
90
90
90
90
90
90
90
90
90
90
90
90
90
90
90
90
90
90
90
90
90
90
90
90
90
90
90
90
90
90
90
90
90
90
90
90
90
90
90
90
90
90
90
90
90
90
90
90
90
90
90
90
90
90
90
90
90
90
90
90
90
90
90
90
90
90
90
90
90
90
90
90
90
90
90
90
90
90
90
90
90
90
90
90
90
90
90
90
90
90
90
90
90
90
90
90
90
90
90
90
90
90
90
90
90
90
90
90
90
90
90
90
90
90
90
90
90
90
90
90
90
90
90
90
90
90
90
90
90
90
90
90
90
90
90
90
90
90
90
90
90
90
90
90
90
90
90
90
90
90
90
90
90
90
90
90
90
90
90
90
90
90
90
90
90
90
90
90
90
90
90
90
90
90
90
90
90
8D
64
24
14
81
C4
04
00
00
00
53
33
DC
33
DF
5B
33
C0
64
8B
40
30
8B
40
0C
53
03
DD
33
DE
C1
EB
D8
C1
C3
F2
5B
8B
70
1C
AD
8B
70
08
68
27
AA
92
D0
50
B8
C5
86
01
1B
31
44
24
04
58
EB
29
32
EB
3B
23
52
05
40
04
FC
CF
7C
37
93
F9
8F
08
99
39
93
C9
AC
6A
E6
0E
3B
93
99
49
B4
8B
D8
0D
48
74
37
83
28
72
27
02
2D
EB
D6
82
EB
2D
48
D4
1D
81
08
C0
EC
FE
3F
C3
0C
70
07
20
A2
4A
EB
EC
F4
1F
F1
4F
04
12
C1
7C
D7
5D
05
B0
0B
E5
FE
BF
2B
A2
9A
89
08
CE
7C
D7
0D
90
E9
56
E8
E3
1F
00
00
53
81
C3
2B
AA
01
EF
C1
E3
FD
5B
50
53
C1
EB
11
2B
DF
5B
FF
D0
57
2B
FE
5F
3D
00
00
00
80
0F
86
6B
01
00
00
5B
5F
EB
2C
32
23
52
05
40
EB
36
04
D1
ED
7E
57
45
34
03
94
E9
5E
B5
5B
F5
7F
07
64
36
03
B0
DB
BD
5B
05
06
A0
DA
ED
3E
D3
BD
0B
C9
CC
8C
78
07
EB
D7
10
91
09
E2
0E
F0
EB
30
9F
89
98
E9
0E
50
85
EB
F5
B8
1B
B1
5B
EB
31
D5
0D
39
E3
4E
F4
0F
E0
3E
03
CA
BC
4B
44
B4
5B
05
99
B9
5B
65
06
60
76
07
85
98
A9
8A
C8
9C
59
05
EB
DB
13
51
A5
AA
2A
42
A4
0A
52
45
64
06
40
64
5E
68
BF
E9
5E
4F
6A
0E
E8
DE
00
00
00
90
90
90
90
90
90
90
90
90
90
90
90
90
90
90
90
90
90
90
90
90
90
90
90
90
90
90
90
90
90
90
90
90
90
90
90
90
90
90
90
90
90
90
90
90
90
90
90
90
90
90
90
90
90
90
90
90
90
90
90
90
90
90
90
90
90
90
90
90
90
90
90
90
90
90
90
90
90
90
90
90
90
90
90
90
90
90
90
90
90
90
90
90
90
90
90
90
90
90
90
90
90
90
90
90
90
90
90
90
90
90
90
90
90
90
90
90
90
90
90
90
90
90
90
90
90
90
90
90
90
90
90
90
90
90
90
90
90
90
90
90
90
90
90
90
90
90
90
90
90
90
90
90
90
90
90
90
90
90
90
90
90
90
90
90
90
90
90
90
90
90
90
90
90
90
90
90
90
90
90
90
90
90
90
90
90
90
90
90
90
90
90
90
90
90
90
90
90
90
90
90
90
90
90
90
90
90
90
90
90
90
90
90
90
90
90
90
90
90
90
90
90
8D
64
24
0C
5D
C3
58
51
C1
E9
F8
8D
8C
DE
BC
29
74
C6
C1
E9
76
59
E9
FE
02
00
00
90
90
68
90
24
40
A6
53
C1
CB
6F
2B
DB
BB
C0
A8
AB
5A
01
5C
24
04
5B
51
56
6A
E1
6A
88
E8
EB
00
00
00
90
90
90
90
90
90
90
90
90
90
90
90
90
90
90
90
90
90
90
90
90
90
90
90
90
90
90
90
90
90
90
90
90
90
90
90
90
90
90
90
90
90
90
90
90
90
90
90
90
90
90
90
90
90
90
90
90
90
90
90
90
90
90
90
90
90
90
90
90
90
90
90
90
90
90
90
90
90
90
90
90
90
90
90
90
90
90
90
90
90
90
90
90
90
90
90
90
90
90
90
90
90
90
90
90
90
90
90
90
90
90
90
90
90
90
90
90
90
90
90
90
90
90
90
90
90
90
90
90
90
90
90
90
90
90
90
90
90
90
90
90
90
90
90
90
90
90
90
90
90
90
90
90
90
90
90
90
90
90
90
90
90
90
90
90
90
90
90
90
90
90
90
90
90
90
90
90
90
90
90
90
90
90
90
90
90
90
90
90
90
90
90
90
90
90
90
90
90
90
90
90
90
90
90
90
90
90
90
90
90
90
90
90
90
90
90
90
90
90
90
90
90
90
90
90
90
90
90
90
90
90
90
90
90
90
8D
64
24
14
5A
53
03
D8
C1
C3
F8
5B
39
50
04
0F
85
D7
05
00
00
68
53
E5
B6
54
52
68
12
E6
ED
13
54
51
E8
B0
00
00
00
90
90
90
90
90
90
90
90
90
90
90
90
90
90
90
90
90
90
90
90
90
90
90
90
90
90
90
90
90
90
90
90
90
90
90
90
90
90
90
90
90
90
90
90
90
90
90
90
90
90
90
90
90
90
90
90
90
90
90
90
90
90
90
90
90
90
90
90
90
90
90
90
90
90
90
90
90
90
90
90
90
90
90
90
90
90
90
90
90
90
90
90
90
90
90
90
90
90
90
90
90
90
90
90
90
90
90
90
90
90
90
90
90
90
90
90
90
90
90
90
90
90
90
90
90
90
90
90
90
90
90
90
90
90
90
90
90
90
90
90
90
90
90
90
90
90
90
90
90
90
90
90
90
90
90
90
90
90
90
90
90
90
90
90
90
90
90
90
90
90
90
90
90
90
90
90
8D
64
24
18
E9
B4
01
00
00
52
68
55
A8
30
5B
55
50
68
EC
4B
0B
F4
E8
FB
00
00
00
90
90
90
90
90
90
90
90
90
90
90
90
90
90
90
90
90
90
90
90
90
90
90
90
90
90
90
90
90
90
90
90
90
90
90
90
90
90
90
90
90
90
90
90
90
90
90
90
90
90
90
90
90
90
90
90
90
90
90
90
90
90
90
90
90
90
90
90
90
90
90
90
90
90
90
90
90
90
90
90
90
90
90
90
90
90
90
90
90
90
90
90
90
90
90
90
90
90
90
90
90
90
90
90
90
90
90
90
90
90
90
90
90
90
90
90
90
90
90
90
90
90
90
90
90
90
90
90
90
90
90
90
90
90
90
90
90
90
90
90
90
90
90
90
90
90
90
90
90
90
90
90
90
90
90
90
90
90
90
90
90
90
90
90
90
90
90
90
90
90
90
90
90
90
90
90
90
90
90
90
90
90
90
90
90
90
90
90
90
90
90
90
90
90
90
90
90
90
90
90
90
90
90
90
90
90
90
90
90
90
90
90
90
90
90
90
90
90
90
90
90
90
90
90
90
90
90
90
90
90
90
90
90
90
90
90
90
90
90
90
90
90
90
90
90
90
90
90
90
90
90
8D
64
24
18
90
90
56
03
F1
BE
7D
68
E8
80
81
EE
28
AB
E7
80
87
34
24
EB
2C
50
65
56
15
01
EB
3A
1D
71
C7
EC
EE
BE
2B
02
DE
0D
A0
CA
7C
87
18
01
1D
11
41
14
A1
3A
63
06
B9
EB
9E
F9
CF
DC
5D
05
37
83
98
59
55
EB
D7
05
A0
0A
A6
6A
86
D8
9D
19
91
09
FB
6F
E6
0E
90
B9
FB
0F
5A
66
39
10
0F
85
9B
03
00
00
E9
9D
FC
FF
FF
EB
29
50
EB
39
65
56
15
01
7A
27
02
10
31
93
49
04
64
06
80
98
D9
2D
A2
0A
CF
4C
A4
3A
73
77
97
09
70
57
45
14
61
C6
EC
0E
C6
AC
EB
D6
CA
EC
2E
E2
CE
0C
77
47
D4
BD
5B
A5
2A
02
30
63
D6
90
90
57
03
FA
33
FC
33
F9
BF
08
47
60
E9
81
EF
3B
18
60
E9
87
3C
24
5A
52
03
D1
2B
D2
33
D6
5A
66
39
50
08
0F
85
2E
03
00
00
5B
90
5F
EB
2F
32
EB
41
23
52
05
40
04
7D
87
38
73
C7
FC
4F
04
AB
CA
0C
D0
ED
3E
A3
0A
0A
80
68
B6
AB
8A
98
09
8F
A8
3A
B3
4B
A4
EA
0E
F9
9F
D9
0D
90
A9
DA
EB
D0
0D
2E
A2
EB
2B
AA
AA
5A
F5
3F
03
1B
E1
6E
86
98
39
03
16
EB
EE
71
D7
1D
F1
CF
7C
07
BE
0B
30
43
84
28
42
04
58
F5
AF
2A
B2
6B
A6
0A
B3
EB
6E
B6
90
EB
27
32
EB
38
23
52
05
40
04
A5
2A
62
86
38
D3
AD
0A
7C
97
E9
FE
1F
C1
9C
09
19
61
46
24
62
46
F4
0F
BB
9B
19
71
D7
0D
C0
EB
D8
0C
C8
DC
6D
06
70
17
EB
2A
31
03
AD
CA
FC
DF
DD
0D
10
EB
F3
01
40
94
59
45
F4
9F
79
07
A0
2A
52
35
53
F5
4F
04
92
A9
9A
49
14
21
B2
0B
65
C6
3C
43
34
93
5E
51
C1
C1
30
03
C9
2B
CE
59
90
5D
68
74
5B
E2
4B
68
1F
41
5B
33
68
EE
6F
93
0A
56
E8
99
00
00
00
90
90
90
90
90
90
90
90
90
90
90
90
90
90
90
90
90
90
90
90
90
90
90
90
90
90
90
90
90
90
90
90
90
90
90
90
90
90
90
90
90
90
90
90
90
90
90
90
90
90
90
90
90
90
90
90
90
90
90
90
90
90
90
90
90
90
90
90
90
90
90
90
90
90
90
90
90
90
90
90
90
90
90
90
90
90
90
90
90
90
90
90
90
90
90
90
90
90
90
90
90
90
90
90
90
90
90
90
90
90
90
90
90
90
90
90
90
90
90
90
90
90
90
90
90
90
90
90
90
90
90
90
90
90
90
90
90
90
90
90
90
90
90
90
90
90
90
90
90
90
90
90
90
8D
64
24
14
83
C4
04
33
C0
68
D0
06
0A
FA
54
E8
BE
00
00
00
90
90
90
90
90
90
90
90
90
90
90
90
90
90
90
90
90
90
90
90
90
90
90
90
90
90
90
90
90
90
90
90
90
90
90
90
90
90
90
90
90
90
90
90
90
90
90
90
90
90
90
90
90
90
90
90
90
90
90
90
90
90
90
90
90
90
90
90
90
90
90
90
90
90
90
90
90
90
90
90
90
90
90
90
90
90
90
90
90
90
90
90
90
90
90
90
90
90
90
90
90
90
90
90
90
90
90
90
90
90
90
90
90
90
90
90
90
90
90
90
90
90
90
90
90
90
90
90
90
90
90
90
90
90
90
90
90
90
90
90
90
90
90
90
90
90
90
90
90
90
90
90
90
90
90
90
90
90
90
90
90
90
90
90
90
90
90
90
90
90
90
90
90
90
90
90
90
90
90
90
90
90
90
90
90
90
90
90
90
90
8D
64
24
0C
40
68
09
B6
20
DE
53
68
90
2D
F5
C2
6A
0B
68
6A
4D
95
86
E8
BA
00
00
00
90
90
90
90
90
90
90
90
90
90
90
90
90
90
90
90
90
90
90
90
90
90
90
90
90
90
90
90
90
90
90
90
90
90
90
90
90
90
90
90
90
90
90
90
90
90
90
90
90
90
90
90
90
90
90
90
90
90
90
90
90
90
90
90
90
90
90
90
90
90
90
90
90
90
90
90
90
90
90
90
90
90
90
90
90
90
90
90
90
90
90
90
90
90
90
90
90
90
90
90
90
90
90
90
90
90
90
90
90
90
90
90
90
90
90
90
90
90
90
90
90
90
90
90
90
90
90
90
90
90
90
90
90
90
90
90
90
90
90
90
90
90
90
90
90
90
90
90
90
90
90
90
90
90
90
90
90
90
90
90
90
90
90
90
90
90
90
90
90
90
90
90
90
90
90
90
90
90
90
90
90
90
90
90
90
90
8D
64
24
18
C2
0C
00
68
FD
B5
22
C8
57
03
FE
C1
E7
94
4F
C1
C7
B1
BF
17
A5
50
57
29
7C
24
04
5F
51
E8
19
01
00
00
90
90
90
90
90
90
90
90
90
90
90
90
90
90
90
90
90
90
90
90
90
90
90
90
90
90
90
90
90
90
90
90
90
90
90
90
90
90
90
90
90
90
90
90
90
90
90
90
90
90
90
90
90
90
90
90
90
90
90
90
90
90
90
90
90
90
90
90
90
90
90
90
90
90
90
90
90
90
90
90
90
90
90
90
90
90
90
90
90
90
90
90
90
90
90
90
90
90
90
90
90
90
90
90
90
90
90
90
90
90
90
90
90
90
90
90
90
90
90
90
90
90
90
90
90
90
90
90
90
90
90
90
90
90
90
90
90
90
90
90
90
90
90
90
90
90
90
90
90
90
90
90
90
90
90
90
90
90
90
90
90
90
90
90
90
90
90
90
90
90
90
90
90
90
90
90
90
90
90
90
90
90
90
90
90
90
90
90
90
90
90
90
90
90
90
90
90
90
90
90
90
90
90
90
90
90
90
90
90
90
90
90
90
90
90
90
90
90
90
90
90
90
90
90
90
90
90
90
90
90
90
90
90
90
90
90
90
90
90
90
90
90
90
90
90
90
90
90
90
90
90
90
90
90
90
90
90
90
90
90
90
90
90
90
90
90
90
90
90
90
90
90
90
90
90
90
90
90
90
90
90
8D
64
24
08
56
E8
04
16
00
00
EB
2B
32
EB
3D
23
52
05
40
04
96
19
21
F2
3F
43
94
09
2B
F2
EF
1E
11
E1
FE
0F
65
46
64
46
E4
7E
C7
0C
2A
E2
6E
66
A6
DA
3D
03
67
46
24
EB
D4
62
E6
3E
03
72
97
69
06
50
65
76
07
EA
5E
65
76
37
C3
4C
55
6A
A5
50
E8
1B
01
00
00
90
90
90
90
90
90
90
90
90
90
90
90
90
90
90
90
90
90
90
90
90
90
90
90
90
90
90
90
90
90
90
90
90
90
90
90
90
90
90
90
90
90
90
90
90
90
90
90
90
90
90
90
90
90
90
90
90
90
90
90
90
90
90
90
90
90
90
90
90
90
90
90
90
90
90
90
90
90
90
90
90
90
90
90
90
90
90
90
90
90
90
90
90
90
90
90
90
90
90
90
90
90
90
90
90
90
90
90
90
90
90
90
90
90
90
90
90
90
90
90
90
90
90
90
90
90
90
90
90
90
90
90
90
90
90
90
90
90
90
90
90
90
90
90
90
90
90
90
90
90
90
90
90
90
90
90
90
90
90
90
90
90
90
90
90
90
90
90
90
90
90
90
90
90
90
90
90
90
90
90
90
90
90
90
90
90
90
90
90
90
90
90
90
90
90
90
90
90
90
90
90
90
90
90
90
90
90
90
90
90
90
90
90
90
90
90
90
90
90
90
90
90
90
90
90
90
90
90
90
90
90
90
90
90
90
90
90
90
90
90
90
90
90
90
90
90
90
90
90
90
90
90
90
90
90
90
90
90
90
90
90
90
90
90
90
90
90
90
90
90
90
90
90
90
90
90
90
90
90
90
90
90
90
8D
64
24
0C
FF
D0
68
62
BD
64
8A
57
2B
FC
4F
C1
C7
A7
BF
F1
1B
06
18
29
7C
24
04
5F
55
68
D6
3E
60
F9
E8
FF
00
00
00
90
90
90
90
90
90
90
90
90
90
90
90
90
90
90
90
90
90
90
90
90
90
90
90
90
90
90
90
90
90
90
90
90
90
90
90
90
90
90
90
90
90
90
90
90
90
90
90
90
90
90
90
90
90
90
90
90
90
90
90
90
90
90
90
90
90
90
90
90
90
90
90
90
90
90
90
90
90
90
90
90
90
90
90
90
90
90
90
90
90
90
90
90
90
90
90
90
90
90
90
90
90
90
90
90
90
90
90
90
90
90
90
90
90
90
90
90
90
90
90
90
90
90
90
90
90
90
90
90
90
90
90
90
90
90
90
90
90
90
90
90
90
90
90
90
90
90
90
90
90
90
90
90
90
90
90
90
90
90
90
90
90
90
90
90
90
90
90
90
90
90
90
90
90
90
90
90
90
90
90
90
90
90
90
90
90
90
90
90
90
90
90
90
90
90
90
90
90
90
90
90
90
90
90
90
90
90
90
90
90
90
90
90
90
90
90
90
90
90
90
90
90
90
90
90
90
90
90
90
90
90
90
90
90
90
90
90
90
90
90
90
90
90
90
90
90
90
90
90
90
90
90
90
90
90
8D
64
24
0C
56
6A
D6
6A
D9
6A
20
E8
BD
00
00
00
90
90
90
90
90
90
90
90
90
90
90
90
90
90
90
90
90
90
90
90
90
90
90
90
90
90
90
90
90
90
90
90
90
90
90
90
90
90
90
90
90
90
90
90
90
90
90
90
90
90
90
90
90
90
90
90
90
90
90
90
90
90
90
90
90
90
90
90
90
90
90
90
90
90
90
90
90
90
90
90
90
90
90
90
90
90
90
90
90
90
90
90
90
90
90
90
90
90
90
90
90
90
90
90
90
90
90
90
90
90
90
90
90
90
90
90
90
90
90
90
90
90
90
90
90
90
90
90
90
90
90
90
90
90
90
90
90
90
90
90
90
90
90
90
90
90
90
90
90
90
90
90
90
90
90
90
90
90
90
90
90
90
90
90
90
90
90
90
90
90
90
90
90
90
90
90
90
90
90
90
90
90
90
90
90
90
90
90
90
8D
64
24
10
E8
A2
12
00
00
EB
2E
32
23
52
05
40
EB
38
04
4D
94
29
62
76
D7
BD
0B
04
70
57
65
46
94
99
09
01
10
E1
AE
BA
3B
F3
0F
83
68
A6
1A
61
86
D8
0D
F0
6F
16
71
27
22
EB
D5
22
02
B5
AB
EB
2A
5A
25
12
91
09
A8
AA
DA
3D
EB
F3
63
B6
6B
06
E8
3E
83
F8
EF
4E
54
05
3A
E3
CE
1C
81
B8
AB
0A
ED
2E
12
F1
8F
08
90
09
36
A3
AA
33
D2
83
EA
05
52
52
F7
D2
2B
D3
03
D3
42
5A
6A
00
FF
D0
EB
2C
32
23
52
05
40
EB
39
04
4A
44
E4
3E
03
10
41
04
F4
5F
D5
8D
D8
3D
A3
0A
1F
31
83
08
A0
AA
8A
08
80
D8
9D
C9
0C
60
E6
0E
96
99
39
E3
EB
D7
0E
D0
EB
2B
CD
0C
07
30
33
63
96
59
25
02
80
98
89
D8
EB
EE
6D
76
07
17
C1
0C
20
E2
FE
7F
07
2B
12
F1
1F
41
04
50
05
C1
0C
A0
DA
DD
1D
A1
0A
0B
C0
0F
84
02
00
00
00
33
ED
56
C1
CE
E3
BE
03
F0
93
43
81
EE
AF
7C
13
DB
87
34
24
50
48
F7
D0
40
58
56
E8
A6
11
00
00
0F
B6
00
2D
90
00
00
00
0F
85
67
00
00
00
EB
30
32
23
52
05
40
04
9F
89
A8
DA
CD
AC
EA
0E
C9
6C
A6
EA
0E
80
C8
0C
BE
EB
0E
50
45
F4
2F
02
6B
F6
AF
BA
9B
C9
1C
EB
2A
01
26
62
56
25
12
31
63
06
EB
F3
8E
A8
EB
2C
3A
E3
6E
56
55
05
E8
CE
0C
60
E6
0E
B0
0B
03
50
B5
7B
87
D8
8D
08
94
79
B7
5B
15
EB
E1
41
F4
0F
1A
01
00
80
68
56
C5
0C
3B
53
F5
1F
83
EC
04
68
D5
45
E3
A8
57
81
C7
AD
11
B3
F5
03
F8
2B
F8
BF
20
2D
B6
94
01
7C
24
04
5F
56
53
4B
5B
E8
0E
11
00
00
8B
00
2D
55
8B
EC
90
0F
85
03
00
00
00
83
EC
04
68
7C
E9
19
6D
57
33
FF
4F
BF
82
83
63
04
31
7C
24
04
5F
6A
B0
52
6A
AB
56
E8
F3
00
00
00
90
90
90
90
90
90
90
90
90
90
90
90
90
90
90
90
90
90
90
90
90
90
90
90
90
90
90
90
90
90
90
90
90
90
90
90
90
90
90
90
90
90
90
90
90
90
90
90
90
90
90
90
90
90
90
90
90
90
90
90
90
90
90
90
90
90
90
90
90
90
90
90
90
90
90
90
90
90
90
90
90
90
90
90
90
90
90
90
90
90
90
90
90
90
90
90
90
90
90
90
90
90
90
90
90
90
90
90
90
90
90
90
90
90
90
90
90
90
90
90
90
90
90
90
90
90
90
90
90
90
90
90
90
90
90
90
90
90
90
90
90
90
90
90
90
90
90
90
90
90
90
90
90
90
90
90
90
90
90
90
90
90
90
90
90
90
90
90
90
90
90
90
90
90
90
90
90
90
90
90
90
90
90
90
90
90
90
90
90
90
90
90
90
90
90
90
90
90
90
90
90
90
90
90
90
90
90
90
90
90
90
90
90
90
90
90
90
90
90
90
90
90
90
90
90
90
90
90
90
90
90
90
90
90
90
90
90
90
90
90
90
90
90
8D
64
24
14
56
E8
E3
0F
00
00
6A
40
53
BB
B1
09
F6
53
81
C3
4F
26
0A
AC
87
1C
24
57
4F
5F
53
6A
00
FF
D0
EB
2B
32
EB
3D
23
52
05
40
04
DE
2D
E2
DE
0D
30
83
08
D3
2D
72
67
76
A7
EA
0E
ED
AE
4A
C4
3C
A3
CA
0C
12
E1
8E
68
46
44
24
02
2F
22
52
EB
D4
F5
4F
24
02
9A
F9
9F
09
60
F6
6F
06
F2
CF
CC
FC
6F
F6
4F
8B
F8
EB
2D
32
EB
3F
23
52
05
40
04
E8
CE
1C
61
66
06
5F
75
E7
8E
28
D2
7D
07
D3
6D
86
F8
8F
A8
4A
04
49
14
31
03
C0
2C
B2
0B
50
15
01
30
53
25
82
EB
D2
08
5D
75
57
35
EB
29
33
53
E5
0E
AF
FA
EF
6E
F6
5F
D5
0D
EB
F0
AC
2A
52
65
76
37
33
03
C1
DC
4D
64
D6
5D
15
01
C4
AC
8A
18
41
54
65
06
D4
3D
A3
50
56
8B
DD
03
5C
24
18
53
5B
81
C3
00
10
00
00
68
14
02
8A
E3
53
54
E8
11
01
00
00
90
90
90
90
90
90
90
90
90
90
90
90
90
90
90
90
90
90
90
90
90
90
90
90
90
90
90
90
90
90
90
90
90
90
90
90
90
90
90
90
90
90
90
90
90
90
90
90
90
90
90
90
90
90
90
90
90
90
90
90
90
90
90
90
90
90
90
90
90
90
90
90
90
90
90
90
90
90
90
90
90
90
90
90
90
90
90
90
90
90
90
90
90
90
90
90
90
90
90
90
90
90
90
90
90
90
90
90
90
90
90
90
90
90
90
90
90
90
90
90
90
90
90
90
90
90
90
90
90
90
90
90
90
90
90
90
90
90
90
90
90
90
90
90
90
90
90
90
90
90
90
90
90
90
90
90
90
90
90
90
90
90
90
90
90
90
90
90
90
90
90
90
90
90
90
90
90
90
90
90
90
90
90
90
90
90
90
90
90
90
90
90
90
90
90
90
90
90
90
90
90
90
90
90
90
90
90
90
90
90
90
90
90
90
90
90
90
90
90
90
90
90
90
90
90
90
90
90
90
90
90
90
90
90
90
90
90
90
90
90
90
90
90
90
90
90
90
90
90
90
90
90
90
90
90
90
90
90
90
90
90
90
90
90
90
90
90
90
90
90
90
90
90
8D
64
24
10
8B
33
68
95
E4
27
83
51
68
28
5C
A5
6E
E8
96
00
00
00
90
90
90
90
90
90
90
90
90
90
90
90
90
90
90
90
90
90
90
90
90
90
90
90
90
90
90
90
90
90
90
90
90
90
90
90
90
90
90
90
90
90
90
90
90
90
90
90
90
90
90
90
90
90
90
90
90
90
90
90
90
90
90
90
90
90
90
90
90
90
90
90
90
90
90
90
90
90
90
90
90
90
90
90
90
90
90
90
90
90
90
90
90
90
90
90
90
90
90
90
90
90
90
90
90
90
90
90
90
90
90
90
90
90
90
90
90
90
90
90
90
90
90
90
90
90
90
90
90
90
90
90
90
90
90
90
90
90
90
90
90
90
90
90
90
90
90
90
90
90
8D
64
24
0C
33
34
24
68
39
7F
9D
B8
56
6A
00
E8
93
00
00
00
90
90
90
90
90
90
90
90
90
90
90
90
90
90
90
90
90
90
90
90
90
90
90
90
90
90
90
90
90
90
90
90
90
90
90
90
90
90
90
90
90
90
90
90
90
90
90
90
90
90
90
90
90
90
90
90
90
90
90
90
90
90
90
90
90
90
90
90
90
90
90
90
90
90
90
90
90
90
90
90
90
90
90
90
90
90
90
90
90
90
90
90
90
90
90
90
90
90
90
90
90
90
90
90
90
90
90
90
90
90
90
90
90
90
90
90
90
90
90
90
90
90
90
90
90
90
90
90
90
90
90
90
90
90
90
90
90
90
90
90
90
90
90
90
90
90
90
8D
64
24
10
81
C4
04
00
00
00
03
F5
8B
4B
04
68
95
E4
27
83
68
CE
59
FA
57
E8
9A
00
00
00
90
90
90
90
90
90
90
90
90
90
90
90
90
90
90
90
90
90
90
90
90
90
90
90
90
90
90
90
90
90
90
90
90
90
90
90
90
90
90
90
90
90
90
90
90
90
90
90
90
90
90
90
90
90
90
90
90
90
90
90
90
90
90
90
90
90
90
90
90
90
90
90
90
90
90
90
90
90
90
90
90
90
90
90
90
90
90
90
90
90
90
90
90
90
90
90
90
90
90
90
90
90
90
90
90
90
90
90
90
90
90
90
90
90
90
90
90
90
90
90
90
90
90
90
90
90
90
90
90
90
90
90
90
90
90
90
90
90
90
90
90
90
90
90
90
90
90
90
90
90
90
90
90
90
8D
64
24
08
33
0C
24
6A
AB
52
50
68
8A
24
E5
11
52
E8
F5
00
00
00
90
90
90
90
90
90
90
90
90
90
90
90
90
90
90
90
90
90
90
90
90
90
90
90
90
90
90
90
90
90
90
90
90
90
90
90
90
90
90
90
90
90
90
90
90
90
90
90
90
90
90
90
90
90
90
90
90
90
90
90
90
90
90
90
90
90
90
90
90
90
90
90
90
90
90
90
90
90
90
90
90
90
90
90
90
90
90
90
90
90
90
90
90
90
90
90
90
90
90
90
90
90
90
90
90
90
90
90
90
90
90
90
90
90
90
90
90
90
90
90
90
90
90
90
90
90
90
90
90
90
90
90
90
90
90
90
90
90
90
90
90
90
90
90
90
90
90
90
90
90
90
90
90
90
90
90
90
90
90
90
90
90
90
90
90
90
90
90
90
90
90
90
90
90
90
90
90
90
90
90
90
90
90
90
90
90
90
90
90
90
90
90
90
90
90
90
90
90
90
90
90
90
90
90
90
90
90
90
90
90
90
90
90
90
90
90
90
90
90
90
90
90
90
90
90
90
90
90
90
90
90
90
90
90
90
90
90
90
90
90
90
90
90
90
90
8D
64
24
18
83
C4
04
EB
30
32
23
52
05
40
EB
42
04
42
24
E2
DE
AD
BA
AB
0A
55
25
12
11
E1
8E
88
08
7E
17
81
C8
7C
77
E7
0E
BC
EB
EE
5E
15
51
D5
0D
35
E3
4E
84
08
D0
2D
02
EB
D3
16
E1
8E
88
C8
DC
1D
01
F5
9F
89
28
A2
2A
72
07
B1
AB
4A
B4
5B
45
44
F3
A4
5E
EB
2D
32
EB
3F
23
52
05
40
04
6D
B6
EB
6E
D6
6D
D6
0D
92
49
64
46
94
39
23
02
AF
6A
26
52
D5
6D
06
1A
A1
9A
F9
5F
C5
7C
07
72
57
F5
DF
FD
DF
EB
D2
5D
05
FC
BF
7B
87
D8
4D
B4
0B
87
C8
AC
5A
D5
CD
9C
09
C8
8B
DD
03
5C
24
14
EB
2B
32
EB
3D
23
52
05
40
04
39
73
D7
5D
05
00
90
09
92
29
32
A3
BA
5B
E5
0E
40
04
00
D0
8D
F8
DF
0D
69
F6
FF
1F
E1
6E
36
03
3A
D3
8D
EB
D4
18
31
53
15
01
49
84
EB
2F
C8
EC
9E
B9
6B
06
75
07
40
34
EB
F2
E3
8E
48
04
43
EB
2D
94
F9
2F
72
C7
BC
0B
C2
CC
0C
10
C1
7C
87
08
E7
4E
24
02
E0
EE
EE
0E
71
97
C9
EC
9E
EB
E0
59
C5
0C
46
84
A8
0A
60
76
27
02
53
65
06
C0
81
C3
00
10
00
00
8B
5B
0C
81
F3
95
E4
27
83
53
03
DB
2B
DE
BB
E8
EC
C1
51
81
C3
16
7E
B8
17
87
1C
24
68
A4
61
ED
AA
6A
8F
6A
9E
68
01
0F
2D
AC
E8
15
01
00
00
90
90
90
90
90
90
90
90
90
90
90
90
90
90
90
90
90
90
90
90
90
90
90
90
90
90
90
90
90
90
90
90
90
90
90
90
90
90
90
90
90
90
90
90
90
90
90
90
90
90
90
90
90
90
90
90
90
90
90
90
90
90
90
90
90
90
90
90
90
90
90
90
90
90
90
90
90
90
90
90
90
90
90
90
90
90
90
90
90
90
90
90
90
90
90
90
90
90
90
90
90
90
90
90
90
90
90
90
90
90
90
90
90
90
90
90
90
90
90
90
90
90
90
90
90
90
90
90
90
90
90
90
90
90
90
90
90
90
90
90
90
90
90
90
90
90
90
90
90
90
90
90
90
90
90
90
90
90
90
90
90
90
90
90
90
90
90
90
90
90
90
90
90
90
90
90
90
90
90
90
90
90
90
90
90
90
90
90
90
90
90
90
90
90
90
90
90
90
90
90
90
90
90
90
90
90
90
90
90
90
90
90
90
90
90
90
90
90
90
90
90
90
90
90
90
90
90
90
90
90
90
90
90
90
90
90
90
90
90
90
90
90
90
90
90
90
90
90
90
90
90
90
90
90
90
90
90
90
90
90
90
90
90
90
90
90
90
90
90
90
90
90
90
90
90
90
90
8D
64
24
14
56
51
8D
8C
C3
DA
E7
EE
44
2B
C8
59
E8
6C
08
00
00
6A
04
68
2F
FD
BE
B6
53
C1
EB
F5
33
D8
BB
2F
CD
BE
B6
31
5C
24
04
5B
53
57
81
C7
10
95
E8
C9
4F
5F
6A
00
53
C1
EB
71
43
2B
DD
5B
FF
D0
8B
F8
50
56
EB
2A
32
23
52
05
40
EB
34
04
7B
47
B4
1B
B1
DB
7D
07
BF
FB
FF
6F
06
70
47
04
C5
1C
01
20
22
22
A2
0A
1C
A1
8A
F8
4F
34
83
08
39
A3
EB
D9
EB
2E
0A
70
A7
7A
F7
0F
5B
B5
7B
07
A0
CA
CC
EB
EF
0C
E8
EE
5E
B5
9B
EB
30
09
20
02
4D
74
87
B8
EB
BE
1B
01
60
F6
BF
BB
AB
8A
78
07
40
E4
AE
9A
EB
E5
A9
EA
4E
04
B2
DB
FD
BF
2B
E2
AE
0A
05
10
51
C5
DC
5D
95
09
6E
26
82
8B
DD
6A
66
6A
29
52
68
30
3E
16
DB
E8
F1
00
00
00
90
90
90
90
90
90
90
90
90
90
90
90
90
90
90
90
90
90
90
90
90
90
90
90
90
90
90
90
90
90
90
90
90
90
90
90
90
90
90
90
90
90
90
90
90
90
90
90
90
90
90
90
90
90
90
90
90
90
90
90
90
90
90
90
90
90
90
90
90
90
90
90
90
90
90
90
90
90
90
90
90
90
90
90
90
90
90
90
90
90
90
90
90
90
90
90
90
90
90
90
90
90
90
90
90
90
90
90
90
90
90
90
90
90
90
90
90
90
90
90
90
90
90
90
90
90
90
90
90
90
90
90
90
90
90
90
90
90
90
90
90
90
90
90
90
90
90
90
90
90
90
90
90
90
90
90
90
90
90
90
90
90
90
90
90
90
90
90
90
90
90
90
90
90
90
90
90
90
90
90
90
90
90
90
90
90
90
90
90
90
90
90
90
90
90
90
90
90
90
90
90
90
90
90
90
90
90
90
90
90
90
90
90
90
90
90
90
90
90
90
90
90
90
90
90
90
90
90
90
90
90
90
90
90
90
90
90
90
90
90
90
8D
64
24
14
03
5C
24
1C
EB
2C
32
23
52
05
40
EB
36
04
00
60
96
09
60
F6
7F
07
60
06
70
07
90
A9
5A
05
52
55
85
08
90
C9
AC
0A
25
02
70
07
10
51
95
09
0E
30
A3
0A
EB
D7
A0
EA
FE
0F
0C
90
EB
30
A9
1A
61
76
C7
0C
45
EB
F5
24
52
B5
3B
13
21
02
E6
8E
38
03
00
10
01
85
48
74
27
72
A7
6A
06
01
A0
9A
29
B2
5B
45
04
DF
DD
CD
CC
FC
8F
A8
0A
2E
81
C3
00
10
00
00
EB
11
32
EB
2B
23
52
05
40
04
57
E5
1E
11
91
79
87
08
58
EB
EE
C5
FC
DF
1D
A1
EA
0E
8E
38
EB
2D
43
D4
7D
77
C7
0C
9F
99
F9
1F
D1
3D
23
02
38
03
EB
EC
00
70
F7
FF
1F
01
6F
06
60
56
55
65
66
06
A3
2A
02
90
79
47
54
05
D9
8D
18
51
A5
8B
73
08
68
95
E4
27
83
56
54
68
FE
C3
24
0A
68
E1
19
2B
72
E8
CE
00
00
00
90
90
90
90
90
90
90
90
90
90
90
90
90
90
90
90
90
90
90
90
90
90
90
90
90
90
90
90
90
90
90
90
90
90
90
90
90
90
90
90
90
90
90
90
90
90
90
90
90
90
90
90
90
90
90
90
90
90
90
90
90
90
90
90
90
90
90
90
90
90
90
90
90
90
90
90
90
90
90
90
90
90
90
90
90
90
90
90
90
90
90
90
90
90
90
90
90
90
90
90
90
90
90
90
90
90
90
90
90
90
90
90
90
90
90
90
90
90
90
90
90
90
90
90
90
90
90
90
90
90
90
90
90
90
90
90
90
90
90
90
90
90
90
90
90
90
90
90
90
90
90
90
90
90
90
90
90
90
90
90
90
90
90
90
90
90
90
90
90
90
90
90
90
90
90
90
90
90
90
90
90
90
90
90
90
90
90
90
90
90
90
90
90
90
90
90
90
90
90
90
90
90
90
90
90
90
8D
64
24
14
33
34
24
68
CE
1E
3A
C0
6A
71
6A
D8
6A
B3
6A
F2
E8
7E
00
00
00
90
90
90
90
90
90
90
90
90
90
90
90
90
90
90
90
90
90
90
90
90
90
90
90
90
90
90
90
90
90
90
90
90
90
90
90
90
90
90
90
90
90
90
90
90
90
90
90
90
90
90
90
90
90
90
90
90
90
90
90
90
90
90
90
90
90
90
90
90
90
90
90
90
90
90
90
90
90
90
90
90
90
90
90
90
90
90
90
90
90
90
90
90
90
90
90
90
90
90
90
90
90
90
90
90
90
90
90
90
90
90
90
90
90
90
90
90
90
90
90
90
90
90
90
90
90
8D
64
24
18
83
C4
04
EB
2B
32
EB
3D
23
52
05
40
04
EC
DE
9D
79
07
20
82
08
C9
9C
A9
AA
6A
46
F4
0F
AB
BA
DB
6D
F6
3F
D3
0D
F8
0F
10
11
D1
6D
26
02
1D
81
48
EB
D4
94
39
03
10
01
F0
7F
EB
2F
07
D0
ED
CE
6C
06
90
39
03
80
EB
F2
88
48
44
04
C2
EB
2D
0C
00
00
40
64
A6
0A
D5
ED
8E
18
B1
2B
92
09
FE
3F
03
D0
1D
A1
EA
0E
3C
F3
FF
2F
62
EB
E0
16
C1
0C
B5
4B
D4
FD
DF
DD
2D
02
96
29
52
E5
03
F5
8B
4B
0C
68
95
E4
27
83
68
7D
3A
5E
05
52
E8
A1
00
00
00
90
90
90
90
90
90
90
90
90
90
90
90
90
90
90
90
90
90
90
90
90
90
90
90
90
90
90
90
90
90
90
90
90
90
90
90
90
90
90
90
90
90
90
90
90
90
90
90
90
90
90
90
90
90
90
90
90
90
90
90
90
90
90
90
90
90
90
90
90
90
90
90
90
90
90
90
90
90
90
90
90
90
90
90
90
90
90
90
90
90
90
90
90
90
90
90
90
90
90
90
90
90
90
90
90
90
90
90
90
90
90
90
90
90
90
90
90
90
90
90
90
90
90
90
90
90
90
90
90
90
90
90
90
90
90
90
90
90
90
90
90
90
90
90
90
90
90
90
90
90
90
90
90
90
90
90
90
90
90
90
90
8D
64
24
0C
33
0C
24
52
68
BF
CD
05
F9
53
68
0E
B0
82
29
50
E8
BF
00
00
00
90
90
90
90
90
90
90
90
90
90
90
90
90
90
90
90
90
90
90
90
90
90
90
90
90
90
90
90
90
90
90
90
90
90
90
90
90
90
90
90
90
90
90
90
90
90
90
90
90
90
90
90
90
90
90
90
90
90
90
90
90
90
90
90
90
90
90
90
90
90
90
90
90
90
90
90
90
90
90
90
90
90
90
90
90
90
90
90
90
90
90
90
90
90
90
90
90
90
90
90
90
90
90
90
90
90
90
90
90
90
90
90
90
90
90
90
90
90
90
90
90
90
90
90
90
90
90
90
90
90
90
90
90
90
90
90
90
90
90
90
90
90
90
90
90
90
90
90
90
90
90
90
90
90
90
90
90
90
90
90
90
90
90
90
90
90
90
90
90
90
90
90
90
90
90
90
90
90
90
90
90
90
90
90
90
90
90
90
90
90
90
8D
64
24
18
81
C4
04
00
00
00
68
CE
A0
CF
A5
52
6A
71
E8
A7
00
00
00
90
90
90
90
90
90
90
90
90
90
90
90
90
90
90
90
90
90
90
90
90
90
90
90
90
90
90
90
90
90
90
90
90
90
90
90
90
90
90
90
90
90
90
90
90
90
90
90
90
90
90
90
90
90
90
90
90
90
90
90
90
90
90
90
90
90
90
90
90
90
90
90
90
90
90
90
90
90
90
90
90
90
90
90
90
90
90
90
90
90
90
90
90
90
90
90
90
90
90
90
90
90
90
90
90
90
90
90
90
90
90
90
90
90
90
90
90
90
90
90
90
90
90
90
90
90
90
90
90
90
90
90
90
90
90
90
90
90
90
90
90
90
90
90
90
90
90
90
90
90
90
90
90
90
90
90
90
90
90
90
90
90
90
90
90
90
90
8D
64
24
10
F3
A4
5E
68
05
C5
E8
42
53
43
2B
DF
2B
DF
BB
79
5A
E8
42
29
5C
24
04
5B
51
8D
49
A2
59
5F
8B
44
24
04
6A
B5
68
CC
8F
6F
38
68
97
B2
B6
B0
51
E8
FD
00
00
00
90
90
90
90
90
90
90
90
90
90
90
90
90
90
90
90
90
90
90
90
90
90
90
90
90
90
90
90
90
90
90
90
90
90
90
90
90
90
90
90
90
90
90
90
90
90
90
90
90
90
90
90
90
90
90
90
90
90
90
90
90
90
90
90
90
90
90
90
90
90
90
90
90
90
90
90
90
90
90
90
90
90
90
90
90
90
90
90
90
90
90
90
90
90
90
90
90
90
90
90
90
90
90
90
90
90
90
90
90
90
90
90
90
90
90
90
90
90
90
90
90
90
90
90
90
90
90
90
90
90
90
90
90
90
90
90
90
90
90
90
90
90
90
90
90
90
90
90
90
90
90
90
90
90
90
90
90
90
90
90
90
90
90
90
90
90
90
90
90
90
90
90
90
90
90
90
90
90
90
90
90
90
90
90
90
90
90
90
90
90
90
90
90
90
90
90
90
90
90
90
90
90
90
90
90
90
90
90
90
90
90
90
90
90
90
90
90
90
90
90
90
90
90
90
90
90
90
90
90
90
90
90
90
90
90
90
90
90
90
90
90
90
90
90
90
90
90
90
90
90
90
90
90
8D
64
24
14
FF
E0
EB
2D
50
EB
3F
65
56
15
01
A2
2A
F2
FF
3F
83
98
09
47
54
25
C2
9C
19
F1
0F
51
25
92
C9
3C
A3
DA
0D
A6
FA
4F
04
F0
AF
2A
02
33
A3
EA
0E
D0
7D
EB
D2
17
01
4E
54
15
71
67
16
61
06
96
69
F6
EB
29
BF
FB
7F
47
EB
F8
04
50
45
EB
30
94
49
A4
AA
AA
0A
4B
44
74
37
E3
6E
86
08
3C
13
61
46
24
92
E9
0E
A2
4A
14
C1
2C
D2
DD
0D
EB
DE
23
B2
AB
3A
53
E5
2E
02
6C
16
D1
6D
B6
1B
01
93
55
8B
EC
83
C4
FC
53
52
6A
BA
50
E8
94
00
00
00
90
90
90
90
90
90
90
90
90
90
90
90
90
90
90
90
90
90
90
90
90
90
90
90
90
90
90
90
90
90
90
90
90
90
90
90
90
90
90
90
90
90
90
90
90
90
90
90
90
90
90
90
90
90
90
90
90
90
90
90
90
90
90
90
90
90
90
90
90
90
90
90
90
90
90
90
90
90
90
90
90
90
90
90
90
90
90
90
90
90
90
90
90
90
90
90
90
90
90
90
90
90
90
90
90
90
90
90
90
90
90
90
90
90
90
90
90
90
90
90
90
90
90
90
90
90
90
90
90
90
90
90
90
90
90
90
90
90
90
90
90
90
90
90
90
90
90
90
8D
64
24
10
56
57
8B
5D
08
8B
CB
51
F7
D1
2B
C8
49
2B
CF
59
03
5B
3C
56
C1
CE
00
33
F2
5E
8B
5B
78
EB
2A
32
23
52
05
40
04
9C
49
64
76
97
99
79
07
CC
CC
0C
50
65
26
52
05
4E
34
F3
EF
1E
E1
AE
EB
2C
0A
71
87
88
68
F6
DF
8D
08
6A
F6
EB
F1
EB
2E
EF
EE
DE
2D
E2
0E
38
03
10
D1
7D
D7
DD
0D
01
40
54
75
27
B2
2B
02
F2
9F
79
E7
DE
8D
18
EB
DF
01
A1
AA
5A
55
D5
EB
30
AD
7A
07
ED
7E
B7
DB
EB
F5
9D
89
48
04
5B
F5
DF
6D
E6
EE
BE
0B
FA
CF
6C
86
F8
BF
9B
09
BF
4B
64
E6
3E
63
E6
0E
69
06
A0
8A
18
11
D1
0D
DE
7D
B7
03
D9
EB
30
32
23
52
05
40
EB
42
04
BA
DB
8D
48
A4
CA
DC
0D
5B
25
A2
AA
7A
87
28
02
44
C4
5C
15
D1
0D
8B
58
C5
4C
04
70
67
06
8F
38
33
73
47
74
57
05
55
15
EB
D3
41
B4
EB
2F
BB
3B
B3
0B
6C
A6
0A
B0
FB
1F
81
08
49
C4
5C
B5
FB
DF
ED
EB
E9
0E
2B
C2
5C
85
58
D5
DD
0D
78
77
47
C4
EC
9E
29
02
9D
C9
FC
0F
D0
7D
07
70
27
FF
73
18
8F
45
FC
57
C1
EF
A9
4F
5F
8B
7B
20
03
F9
33
F6
8D
14
B7
53
03
DB
F7
D3
5B
8B
12
03
D1
EB
2E
32
23
52
05
40
EB
38
04
C8
BC
9B
D9
AD
1A
F1
0F
3E
63
B6
9B
29
42
C4
0C
8F
E8
1E
D1
8D
B8
2B
02
68
A6
CA
DC
AD
6A
16
01
DF
6D
46
84
88
C8
EB
D5
6C
06
53
05
EB
2A
B0
3B
B3
AB
5A
05
C9
CC
5C
EB
F3
45
C4
EB
2C
FC
AF
0A
D0
6D
06
60
16
31
93
09
DD
ED
2E
F2
3F
03
E0
0E
2F
12
31
23
92
89
C8
0C
EB
E1
2C
62
B6
7B
97
A9
3A
03
41
B4
2B
22
52
25
12
33
C0
C1
C0
07
50
E8
D6
00
00
00
90
90
90
90
90
90
90
90
90
90
90
90
90
90
90
90
90
90
90
90
90
90
90
90
90
90
90
90
90
90
90
90
90
90
90
90
90
90
90
90
90
90
90
90
90
90
90
90
90
90
90
90
90
90
90
90
90
90
90
90
90
90
90
90
90
90
90
90
90
90
90
90
90
90
90
90
90
90
90
90
90
90
90
90
90
90
90
90
90
90
90
90
90
90
90
90
90
90
90
90
90
90
90
90
90
90
90
90
90
90
90
90
90
90
90
90
90
90
90
90
90
90
90
90
90
90
90
90
90
90
90
90
90
90
90
90
90
90
90
90
90
90
90
90
90
90
90
90
90
90
90
90
90
90
90
90
90
90
90
90
90
90
90
90
90
90
90
90
90
90
90
90
90
90
90
90
90
90
90
90
90
90
90
90
90
90
90
90
90
90
90
90
90
90
90
90
90
90
90
90
90
90
90
90
90
90
90
90
90
90
90
90
90
90
8D
64
24
08
90
90
32
02
90
51
81
C1
AD
A7
C1
07
59
90
EB
2F
50
EB
41
65
56
15
01
75
A7
6A
96
D9
BD
9B
09
1E
71
E7
7E
E7
AE
EA
0E
DC
3D
93
89
F8
2F
C2
0C
D5
CD
7C
97
59
65
36
03
36
83
C8
8C
68
A6
1A
01
EB
D0
95
99
29
EB
2B
72
07
D0
7D
07
D1
1D
A1
1A
01
40
44
04
6F
EB
EE
16
EB
2B
51
25
D2
FD
BF
0B
7E
B7
AB
9A
D9
CD
8C
08
F3
EF
3E
03
90
59
F5
0F
8D
48
EB
E4
14
21
32
83
C8
0C
32
73
C7
1C
71
77
37
03
CF
4C
84
42
90
90
80
3A
00
0F
85
8D
FE
FF
FF
6A
D3
E8
09
01
00
00
90
90
90
90
90
90
90
90
90
90
90
90
90
90
90
90
90
90
90
90
90
90
90
90
90
90
90
90
90
90
90
90
90
90
90
90
90
90
90
90
90
90
90
90
90
90
90
90
90
90
90
90
90
90
90
90
90
90
90
90
90
90
90
90
90
90
90
90
90
90
90
90
90
90
90
90
90
90
90
90
90
90
90
90
90
90
90
90
90
90
90
90
90
90
90
90
90
90
90
90
90
90
90
90
90
90
90
90
90
90
90
90
90
90
90
90
90
90
90
90
90
90
90
90
90
90
90
90
90
90
90
90
90
90
90
90
90
90
90
90
90
90
90
90
90
90
90
90
90
90
90
90
90
90
90
90
90
90
90
90
90
90
90
90
90
90
90
90
90
90
90
90
90
90
90
90
90
90
90
90
90
90
90
90
90
90
90
90
90
90
90
90
90
90
90
90
90
90
90
90
90
90
90
90
90
90
90
90
90
90
90
90
90
90
90
90
90
90
90
90
90
90
90
90
90
90
90
90
90
90
90
90
90
90
90
90
90
90
90
90
90
90
90
90
90
90
90
90
90
90
90
90
90
90
90
90
90
90
90
90
90
90
90
90
90
8D
64
24
08
90
55
56
68
4D
20
EB
80
54
E8
9F
00
00
00
90
90
90
90
90
90
90
90
90
90
90
90
90
90
90
90
90
90
90
90
90
90
90
90
90
90
90
90
90
90
90
90
90
90
90
90
90
90
90
90
90
90
90
90
90
90
90
90
90
90
90
90
90
90
90
90
90
90
90
90
90
90
90
90
90
90
90
90
90
90
90
90
90
90
90
90
90
90
90
90
90
90
90
90
90
90
90
90
90
90
90
90
90
90
90
90
90
90
90
90
90
90
90
90
90
90
90
90
90
90
90
90
90
90
90
90
90
90
90
90
90
90
90
90
90
90
90
90
90
90
90
90
90
90
90
90
90
90
90
90
90
90
90
90
90
90
90
90
90
90
90
90
90
90
90
90
90
90
90
8D
64
24
14
90
52
8D
12
C1
EA
6C
C1
C2
A6
5A
3B
45
0C
0F
84
39
01
00
00
90
EB
29
32
EB
3B
23
52
05
40
04
89
88
38
93
D9
2D
52
05
C7
5C
45
94
69
D6
BD
0B
F6
CF
DC
BD
9B
59
95
09
0B
70
57
45
74
37
F3
0F
C5
EB
D6
EC
BE
CB
5C
C5
DC
0D
0A
90
89
C8
FC
BF
2B
02
C7
5C
B5
EB
90
51
C1
E1
FC
C1
E1
B6
33
CD
59
46
90
90
68
00
DC
98
0F
68
BB
B0
79
44
E8
C6
00
00
00
90
90
90
90
90
90
90
90
90
90
90
90
90
90
90
90
90
90
90
90
90
90
90
90
90
90
90
90
90
90
90
90
90
90
90
90
90
90
90
90
90
90
90
90
90
90
90
90
90
90
90
90
90
90
90
90
90
90
90
90
90
90
90
90
90
90
90
90
90
90
90
90
90
90
90
90
90
90
90
90
90
90
90
90
90
90
90
90
90
90
90
90
90
90
90
90
90
90
90
90
90
90
90
90
90
90
90
90
90
90
90
90
90
90
90
90
90
90
90
90
90
90
90
90
90
90
90
90
90
90
90
90
90
90
90
90
90
90
90
90
90
90
90
90
90
90
90
90
90
90
90
90
90
90
90
90
90
90
90
90
90
90
90
90
90
90
90
90
90
90
90
90
90
90
90
90
90
90
90
90
90
90
90
90
90
90
90
90
90
90
90
90
90
90
90
90
90
90
8D
64
24
0C
3B
75
FC
0F
82
01
FB
FF
FF
56
C1
E6
35
C1
E6
86
5E
8B
53
24
03
D1
0F
B7
14
72
EB
29
32
EB
3B
23
52
05
40
04
E1
EE
DE
3D
63
E6
CE
0C
F6
8F
58
A5
7A
07
20
02
43
14
91
C9
0C
20
02
1E
71
27
92
39
03
70
07
26
C2
EB
D6
BC
EB
2D
2B
72
D7
4D
04
A0
2A
22
C2
3C
23
B2
0B
5B
C5
BC
EB
EC
BB
4B
84
88
08
0C
00
EB
2F
00
60
86
38
E3
0E
32
33
E3
4E
A4
5A
D5
0D
73
E7
0E
00
EB
EA
70
97
29
02
7C
A7
CA
8C
C8
1C
01
63
B6
FB
AF
BA
6B
76
07
87
88
C8
EC
5E
E5
4E
04
8B
43
1C
52
42
C1
EA
A8
4A
8D
54
30
B7
5A
03
C1
8B
04
90
52
2B
D6
4A
C1
EA
3D
5A
03
C1
5F
68
B4
00
13
13
6A
5F
E8
15
01
00
00
90
90
90
90
90
90
90
90
90
90
90
90
90
90
90
90
90
90
90
90
90
90
90
90
90
90
90
90
90
90
90
90
90
90
90
90
90
90
90
90
90
90
90
90
90
90
90
90
90
90
90
90
90
90
90
90
90
90
90
90
90
90
90
90
90
90
90
90
90
90
90
90
90
90
90
90
90
90
90
90
90
90
90
90
90
90
90
90
90
90
90
90
90
90
90
90
90
90
90
90
90
90
90
90
90
90
90
90
90
90
90
90
90
90
90
90
90
90
90
90
90
90
90
90
90
90
90
90
90
90
90
90
90
90
90
90
90
90
90
90
90
90
90
90
90
90
90
90
90
90
90
90
90
90
90
90
90
90
90
90
90
90
90
90
90
90
90
90
90
90
90
90
90
90
90
90
90
90
90
90
90
90
90
90
90
90
90
90
90
90
90
90
90
90
90
90
90
90
90
90
90
90
90
90
90
90
90
90
90
90
90
90
90
90
90
90
90
90
90
90
90
90
90
90
90
90
90
90
90
90
90
90
90
90
90
90
90
90
90
90
90
90
90
90
90
90
90
90
90
90
90
90
90
90
90
90
90
90
90
90
90
90
90
90
90
90
90
90
90
90
90
90
90
90
90
90
90
8D
64
24
0C
5E
56
6A
75
53
6A
8C
E8
E2
00
00
00
90
90
90
90
90
90
90
90
90
90
90
90
90
90
90
90
90
90
90
90
90
90
90
90
90
90
90
90
90
90
90
90
90
90
90
90
90
90
90
90
90
90
90
90
90
90
90
90
90
90
90
90
90
90
90
90
90
90
90
90
90
90
90
90
90
90
90
90
90
90
90
90
90
90
90
90
90
90
90
90
90
90
90
90
90
90
90
90
90
90
90
90
90
90
90
90
90
90
90
90
90
90
90
90
90
90
90
90
90
90
90
90
90
90
90
90
90
90
90
90
90
90
90
90
90
90
90
90
90
90
90
90
90
90
90
90
90
90
90
90
90
90
90
90
90
90
90
90
90
90
90
90
90
90
90
90
90
90
90
90
90
90
90
90
90
90
90
90
90
90
90
90
90
90
90
90
90
90
90
90
90
90
90
90
90
90
90
90
90
90
90
90
90
90
90
90
90
90
90
90
90
90
90
90
90
90
90
90
90
90
90
90
90
90
90
90
90
90
90
90
90
90
90
90
90
90
8D
64
24
14
5B
C9
C2
08
00
95
A4
27
83
95
96
27
83
95
34
27
83
95
92
26
83
00
00
00
00
00
00
00
00
00
00
00
00
00
00
00
00
00
00
00
00
00
00
00
00
00
00
00
00
00
00
00
00
00
00
00
00
00
00
00
00
00
00
00
00
00
00
00
00
00
00
00
00
00
00
00
00
00
00
00
00
00
00
00
00
00
00
00
00
00
00
00
00
00
00
00
00
00
00
00
00
00
00
00
00
00
00
00
00
00
00
00
00
00
00
00
00
00
00
00
00
00
00
00
00
00
EB
2C
32
23
52
05
40
EB
36
04
25
82
C8
2C
52
E5
