68
D1
28
00
00
53
5B
55
EB
2A
32
23
52
05
40
EB
35
04
2F
A2
5A
85
E8
7E
47
04
75
37
13
01
F0
BF
BB
0B
0C
20
62
C6
8C
28
82
08
69
B6
0B
40
74
47
F4
0F
CB
CC
EB
D9
CC
EB
2E
1C
61
26
C2
0C
98
B9
9B
E9
1E
01
20
02
EB
EF
3D
E3
AE
0A
30
03
EB
2B
90
39
63
36
83
48
64
06
B0
6B
66
F6
DF
3D
53
05
62
56
15
81
28
52
A5
EB
E5
0A
F5
6F
B6
BB
CB
CC
9C
09
9E
99
F9
DF
1D
C1
FC
0F
5C
56
57
53
56
C1
CE
F4
03
F0
2B
F4
46
BE
A9
9A
48
2E
81
EE
A9
9A
48
1E
87
34
24
EB
30
32
23
52
05
40
EB
42
04
AF
EA
1E
F1
EF
8E
38
03
08
80
B8
DB
ED
EE
1E
01
FF
3F
D3
0D
E0
DE
6D
06
F3
6F
A6
0A
D0
2D
52
05
E9
EE
BE
0B
E0
2E
A2
0A
EB
D3
70
E7
EB
2C
AE
FA
AF
BA
9B
09
FD
DF
ED
1E
F1
8F
F8
0F
CF
1C
71
47
44
EB
E9
EB
2E
94
D9
0D
4C
A4
9A
A9
DA
5D
25
02
E1
CE
2C
F2
2F
D2
0D
64
B6
6B
EB
E7
F6
8F
28
62
06
F4
7F
A7
EA
1E
01
40
04
56
B5
5B
25
02
30
A3
0A
D9
BD
5D
53
68
97
D5
71
22
68
06
AF
92
4C
6A
49
68
D0
5E
31
43
E8
A7
00
00
00
90
90
90
90
90
90
90
90
90
90
90
90
90
90
90
90
90
90
90
90
90
90
90
90
90
90
90
90
90
90
90
90
90
90
90
90
90
90
90
90
90
90
90
90
90
90
90
90
90
90
90
90
90
90
90
90
90
90
90
90
90
90
90
90
90
90
90
90
90
90
90
90
90
90
90
90
90
90
90
90
90
90
90
90
90
90
90
90
90
90
90
90
90
90
90
90
90
90
90
90
90
90
90
90
90
90
90
90
90
90
90
90
90
90
90
90
90
90
90
90
90
90
90
90
90
90
90
90
90
90
90
90
90
90
90
90
90
90
90
90
90
90
90
90
90
90
90
90
90
90
90
90
90
90
90
90
90
90
90
90
90
90
90
90
90
90
90
8D
64
24
18
33
C0
83
F8
01
0F
84
2C
02
00
00
8B
6C
24
18
83
7C
24
1C
01
0F
84
1D
02
00
00
50
E8
C8
00
00
00
90
90
90
90
90
90
90
90
90
90
90
90
90
90
90
90
90
90
90
90
90
90
90
90
90
90
90
90
90
90
90
90
90
90
90
90
90
90
90
90
90
90
90
90
90
90
90
90
90
90
90
90
90
90
90
90
90
90
90
90
90
90
90
90
90
90
90
90
90
90
90
90
90
90
90
90
90
90
90
90
90
90
90
90
90
90
90
90
90
90
90
90
90
90
90
90
90
90
90
90
90
90
90
90
90
90
90
90
90
90
90
90
90
90
90
90
90
90
90
90
90
90
90
90
90
90
90
90
90
90
90
90
90
90
90
90
90
90
90
90
90
90
90
90
90
90
90
90
90
90
90
90
90
90
90
90
90
90
90
90
90
90
90
90
90
90
90
90
90
90
90
90
90
90
90
90
90
90
90
90
90
90
90
90
90
90
90
90
90
90
90
90
90
90
90
90
90
90
90
90
8D
64
24
08
5B
5F
5E
5D
EB
30
32
23
52
05
40
EB
41
04
BC
6B
D6
DD
8D
98
29
02
91
89
78
87
D8
AD
1A
01
54
55
F5
9F
C9
DC
6D
06
24
32
73
E7
9E
39
43
04
C6
EC
AE
9A
F9
DF
BD
0B
EB
D3
89
EB
2E
28
62
36
A3
AA
8A
08
A2
3A
33
23
22
62
E6
0E
10
41
64
76
EB
E9
C7
BC
EB
2E
DB
0D
F9
EF
AE
1A
D1
0D
30
03
8A
D8
BD
AB
3A
F3
1F
01
59
A5
0A
EB
E7
70
27
C2
6C
06
45
14
51
85
C8
AC
5A
05
D3
1D
51
15
D1
1D
B1
0B
12
21
83
C4
04
B8
01
00
00
00
6A
BF
55
6A
0E
52
E8
A7
00
00
00
90
90
90
90
90
90
90
90
90
90
90
90
90
90
90
90
90
90
90
90
90
90
90
90
90
90
90
90
90
90
90
90
90
90
90
90
90
90
90
90
90
90
90
90
90
90
90
90
90
90
90
90
90
90
90
90
90
90
90
90
90
90
90
90
90
90
90
90
90
90
90
90
90
90
90
90
90
90
90
90
90
90
90
90
90
90
90
90
90
90
90
90
90
90
90
90
90
90
90
90
90
90
90
90
90
90
90
90
90
90
90
90
90
90
90
90
90
90
90
90
90
90
90
90
90
90
90
90
90
90
90
90
90
90
90
90
90
90
90
90
90
90
90
90
90
90
90
90
90
90
90
90
90
90
90
90
90
90
90
90
90
90
90
90
90
90
90
8D
64
24
14
C3
50
2B
C7
81
C0
8D
D8
E1
02
58
8B
DD
EB
2C
32
23
52
05
40
EB
36
04
F4
0F
D0
2D
42
64
36
03
69
A6
4A
74
F7
6F
06
4C
64
F6
FF
0F
20
62
06
BC
4B
64
A6
BA
DB
5D
05
7E
47
74
A7
DA
EB
D7
0D
B0
0B
E1
9E
59
45
C4
3C
93
09
1A
C1
AC
4A
03
5C
24
10
68
10
93
45
E3
E8
C5
00
00
00
90
90
90
90
90
90
90
90
90
90
90
90
90
90
90
90
90
90
90
90
90
90
90
90
90
90
90
90
90
90
90
90
90
90
90
90
90
90
90
90
90
90
90
90
90
90
90
90
90
90
90
90
90
90
90
90
90
90
90
90
90
90
90
90
90
90
90
90
90
90
90
90
90
90
90
90
90
90
90
90
90
90
90
90
90
90
90
90
90
90
90
90
90
90
90
90
90
90
90
90
90
90
90
90
90
90
90
90
90
90
90
90
90
90
90
90
90
90
90
90
90
90
90
90
90
90
90
90
90
90
90
90
90
90
90
90
90
90
90
90
90
90
90
90
90
90
90
90
90
90
90
90
90
90
90
90
90
90
90
90
90
90
90
90
90
90
90
90
90
90
90
90
90
90
90
90
90
90
90
90
90
90
90
90
90
90
90
90
90
90
90
90
90
90
90
90
90
8D
64
24
08
81
C3
00
10
00
00
8B
5B
04
81
F3
95
E4
27
83
33
C0
EB
2A
32
23
52
05
40
EB
34
04
3D
F3
6F
E6
8E
A8
AA
0A
34
E3
2E
32
B3
DB
8D
08
71
07
50
45
D4
8D
F8
0F
33
93
A9
BA
EB
5E
D5
0D
E0
BE
EB
D9
EB
30
8B
88
A8
5A
35
03
E5
4E
34
93
E9
BE
0B
EB
EF
18
11
91
D9
2D
E2
EB
2A
7E
07
98
19
C1
0C
90
79
47
04
2A
22
62
C6
BC
1B
B1
0B
1D
01
20
92
E9
CE
8C
EB
E3
08
A6
7A
17
21
52
05
F0
0F
C4
5C
35
83
F8
BF
64
8B
40
30
57
2B
FE
C1
EF
BD
5F
8B
40
0C
8B
70
1C
68
34
71
FD
8E
E8
07
01
00
00
90
90
90
90
90
90
90
90
90
90
90
90
90
90
90
90
90
90
90
90
90
90
90
90
90
90
90
90
90
90
90
90
90
90
90
90
90
90
90
90
90
90
90
90
90
90
90
90
90
90
90
90
90
90
90
90
90
90
90
90
90
90
90
90
90
90
90
90
90
90
90
90
90
90
90
90
90
90
90
90
90
90
90
90
90
90
90
90
90
90
90
90
90
90
90
90
90
90
90
90
90
90
90
90
90
90
90
90
90
90
90
90
90
90
90
90
90
90
90
90
90
90
90
90
90
90
90
90
90
90
90
90
90
90
90
90
90
90
90
90
90
90
90
90
90
90
90
90
90
90
90
90
90
90
90
90
90
90
90
90
90
90
90
90
90
90
90
90
90
90
90
90
90
90
90
90
90
90
90
90
90
90
90
90
90
90
90
90
90
90
90
90
90
90
90
90
90
90
90
90
90
90
90
90
90
90
90
90
90
90
90
90
90
90
90
90
90
90
90
90
90
90
90
90
90
90
90
90
90
90
90
90
90
90
90
90
90
90
90
90
90
90
90
90
90
90
90
90
90
90
90
90
90
90
90
90
90
90
90
90
90
90
90
8D
64
24
08
AD
8B
70
08
51
33
CA
C1
C9
3B
B9
5E
48
49
4D
81
E9
7C
1B
B6
81
87
0C
24
56
57
2B
FF
C1
CF
BE
F7
D7
5F
E8
8D
19
00
00
6A
48
53
6A
63
6A
E2
E8
19
01
00
00
90
90
90
90
90
90
90
90
90
90
90
90
90
90
90
90
90
90
90
90
90
90
90
90
90
90
90
90
90
90
90
90
90
90
90
90
90
90
90
90
90
90
90
90
90
90
90
90
90
90
90
90
90
90
90
90
90
90
90
90
90
90
90
90
90
90
90
90
90
90
90
90
90
90
90
90
90
90
90
90
90
90
90
90
90
90
90
90
90
90
90
90
90
90
90
90
90
90
90
90
90
90
90
90
90
90
90
90
90
90
90
90
90
90
90
90
90
90
90
90
90
90
90
90
90
90
90
90
90
90
90
90
90
90
90
90
90
90
90
90
90
90
90
90
90
90
90
90
90
90
90
90
90
90
90
90
90
90
90
90
90
90
90
90
90
90
90
90
90
90
90
90
90
90
90
90
90
90
90
90
90
90
90
90
90
90
90
90
90
90
90
90
90
90
90
90
90
90
90
90
90
90
90
90
90
90
90
90
90
90
90
90
90
90
90
90
90
90
90
90
90
90
90
90
90
90
90
90
90
90
90
90
90
90
90
90
90
90
90
90
90
90
90
90
90
90
90
90
90
90
90
90
90
90
90
90
90
90
90
90
90
90
90
90
90
90
90
90
90
90
90
90
90
90
90
90
90
90
90
90
90
8D
64
24
14
50
FF
D0
54
E8
A3
00
00
00
90
90
90
90
90
90
90
90
90
90
90
90
90
90
90
90
90
90
90
90
90
90
90
90
90
90
90
90
90
90
90
90
90
90
90
90
90
90
90
90
90
90
90
90
90
90
90
90
90
90
90
90
90
90
90
90
90
90
90
90
90
90
90
90
90
90
90
90
90
90
90
90
90
90
90
90
90
90
90
90
90
90
90
90
90
90
90
90
90
90
90
90
90
90
90
90
90
90
90
90
90
90
90
90
90
90
90
90
90
90
90
90
90
90
90
90
90
90
90
90
90
90
90
90
90
90
90
90
90
90
90
90
90
90
90
90
90
90
90
90
90
90
90
90
90
90
90
90
90
90
90
90
90
90
90
90
90
90
90
90
90
90
90
8D
64
24
08
3D
00
00
00
80
0F
86
2C
01
00
00
5B
5F
EB
29
32
23
52
05
40
04
99
69
66
26
12
B1
9B
09
72
E7
DE
5D
E5
2E
F2
0F
A0
EA
4E
34
33
83
D8
0D
49
E4
FE
EB
23
4F
94
C9
2C
02
9A
EB
F6
29
EB
2D
32
33
B3
BB
1B
01
29
22
D2
ED
AE
0A
70
07
D5
4D
94
79
07
30
43
04
23
62
EB
E4
86
88
E8
FE
BF
0B
22
82
28
B2
2B
A2
8A
08
C7
CC
6C
46
94
5E
5D
50
40
58
C3
54
68
73
A6
92
BE
E8
B8
00
00
00
90
90
90
90
90
90
90
90
90
90
90
90
90
90
90
90
90
90
90
90
90
90
90
90
90
90
90
90
90
90
90
90
90
90
90
90
90
90
90
90
90
90
90
90
90
90
90
90
90
90
90
90
90
90
90
90
90
90
90
90
90
90
90
90
90
90
90
90
90
90
90
90
90
90
90
90
90
90
90
90
90
90
90
90
90
90
90
90
90
90
90
90
90
90
90
90
90
90
90
90
90
90
90
90
90
90
90
90
90
90
90
90
90
90
90
90
90
90
90
90
90
90
90
90
90
90
90
90
90
90
90
90
90
90
90
90
90
90
90
90
90
90
90
90
90
90
90
90
90
90
90
90
90
90
90
90
90
90
90
90
90
90
90
90
90
90
90
90
90
90
90
90
90
90
90
90
90
90
90
90
90
90
90
90
8D
64
24
0C
58
EB
2A
32
23
52
05
40
EB
34
04
C6
3C
F3
AF
4A
44
64
06
AE
7A
B7
9B
F9
0F
40
04
88
38
33
33
C3
AC
BA
0B
23
72
87
88
48
84
98
09
34
F3
EB
D9
EB
2E
0F
30
43
E4
FE
0F
3A
F3
AF
CA
4C
74
C7
EB
EF
0C
DB
5D
65
76
37
EB
30
A3
2A
02
C4
9C
19
51
15
81
18
01
0B
50
F5
6F
A6
8A
68
06
0F
D0
ED
DE
EB
E5
0D
20
52
05
D5
CD
BC
6B
66
06
B0
0B
EC
FE
1F
B1
AB
4A
84
08
C9
3C
03
E9
23
01
00
00
90
90
68
F2
5F
72
F5
53
43
BB
5E
6D
79
0B
01
5C
24
04
5B
57
C1
E7
AB
5F
5A
39
50
04
0F
85
B0
02
00
00
68
8A
A9
94
69
68
7D
8A
C4
06
55
51
E8
E7
00
00
00
90
90
90
90
90
90
90
90
90
90
90
90
90
90
90
90
90
90
90
90
90
90
90
90
90
90
90
90
90
90
90
90
90
90
90
90
90
90
90
90
90
90
90
90
90
90
90
90
90
90
90
90
90
90
90
90
90
90
90
90
90
90
90
90
90
90
90
90
90
90
90
90
90
90
90
90
90
90
90
90
90
90
90
90
90
90
90
90
90
90
90
90
90
90
90
90
90
90
90
90
90
90
90
90
90
90
90
90
90
90
90
90
90
90
90
90
90
90
90
90
90
90
90
90
90
90
90
90
90
90
90
90
90
90
90
90
90
90
90
90
90
90
90
90
90
90
90
90
90
90
90
90
90
90
90
90
90
90
90
90
90
90
90
90
90
90
90
90
90
90
90
90
90
90
90
90
90
90
90
90
90
90
90
90
90
90
90
90
90
90
90
90
90
90
90
90
90
90
90
90
90
90
90
90
90
90
90
90
90
90
90
90
90
90
90
90
90
90
90
90
90
90
90
90
90
90
90
90
90
90
90
8D
64
24
14
E9
A4
00
00
00
90
90
68
10
24
66
7B
52
C1
CA
D9
03
D4
2B
D0
BA
45
99
66
7B
31
54
24
04
5A
EB
2A
32
23
52
05
40
EB
34
04
69
06
70
17
51
15
E1
0E
CB
DC
CD
0C
30
E3
CE
0C
98
89
08
10
71
47
24
02
3D
73
17
C1
4C
54
05
90
89
18
EB
D9
61
76
57
75
07
B0
7B
77
17
71
67
46
04
62
26
5A
66
39
10
0F
85
4F
01
00
00
EB
2C
32
23
52
05
40
EB
36
04
55
05
20
42
64
C6
2C
02
B6
5B
E5
4E
F4
2F
02
15
91
39
A3
1A
41
64
06
51
B5
BB
7B
F7
8F
48
04
EF
CE
AC
9A
49
EB
D7
54
A5
0A
FE
0F
20
82
78
C7
9C
09
73
67
C6
AC
E9
39
FE
FF
FF
90
90
68
3B
5F
72
2C
52
2B
D7
81
C2
E5
A0
C9
DD
BA
6E
30
72
2C
29
54
24
04
5A
51
8D
48
FB
59
5A
50
33
C4
03
C0
58
66
39
50
08
0F
85
DB
00
00
00
5B
50
C1
E0
23
C1
C8
B5
58
90
5F
90
52
68
CC
26
86
75
E8
B1
00
00
00
90
90
90
90
90
90
90
90
90
90
90
90
90
90
90
90
90
90
90
90
90
90
90
90
90
90
90
90
90
90
90
90
90
90
90
90
90
90
90
90
90
90
90
90
90
90
90
90
90
90
90
90
90
90
90
90
90
90
90
90
90
90
90
90
90
90
90
90
90
90
90
90
90
90
90
90
90
90
90
90
90
90
90
90
90
90
90
90
90
90
90
90
90
90
90
90
90
90
90
90
90
90
90
90
90
90
90
90
90
90
90
90
90
90
90
90
90
90
90
90
90
90
90
90
90
90
90
90
90
90
90
90
90
90
90
90
90
90
90
90
90
90
90
90
90
90
90
90
90
90
90
90
90
90
90
90
90
90
90
90
90
90
90
90
90
90
90
90
90
90
90
90
90
90
90
90
90
8D
64
24
0C
5E
90
5D
83
C4
04
57
47
5F
33
C0
40
C2
0C
00
52
4A
C1
CA
3E
BA
5D
87
92
59
81
F2
BB
97
40
29
87
14
24
EB
21
50
EB
2F
65
56
15
01
B2
9B
99
F9
3F
C3
0C
61
F6
1F
41
04
10
61
06
AD
DA
BD
6B
A6
DA
5D
05
1B
21
92
EB
DE
C9
EB
2D
CC
4C
B4
0B
BA
8B
C8
6C
96
F9
9F
09
EB
F0
7F
57
B5
3B
83
48
E4
0E
29
22
42
F4
6F
B6
DB
0D
9E
69
D6
DD
6D
66
26
02
CB
9C
E9
AE
2A
E2
1E
56
EB
2B
32
EB
3D
23
52
05
40
04
63
56
B5
7B
A7
9A
89
08
74
07
80
78
47
44
F4
0F
7A
77
A7
BA
FB
2F
C2
0C
1B
91
D9
AD
4A
24
22
02
04
C0
EC
EB
D4
5E
85
D8
0D
4B
A4
3A
A3
4A
74
67
06
4F
94
29
92
49
24
52
E8
7E
12
00
00
55
FF
D0
57
BF
DC
81
27
37
81
F7
AD
20
79
45
87
3C
24
EB
29
32
EB
3B
23
52
05
40
04
D0
9D
F9
3F
A3
6A
46
04
02
A0
9A
D9
5D
55
A5
0A
15
F1
8F
E8
6E
C6
8C
08
3E
F3
DF
1D
A1
1A
E1
0E
7C
EB
D6
97
19
51
35
C3
CC
0C
F5
1F
C1
6C
26
32
23
02
D6
6D
16
01
56
53
68
AB
1D
18
83
E8
C8
00
00
00
90
90
90
90
90
90
90
90
90
90
90
90
90
90
90
90
90
90
90
90
90
90
90
90
90
90
90
90
90
90
90
90
90
90
90
90
90
90
90
90
90
90
90
90
90
90
90
90
90
90
90
90
90
90
90
90
90
90
90
90
90
90
90
90
90
90
90
90
90
90
90
90
90
90
90
90
90
90
90
90
90
90
90
90
90
90
90
90
90
90
90
90
90
90
90
90
90
90
90
90
90
90
90
90
90
90
90
90
90
90
90
90
90
90
90
90
90
90
90
90
90
90
90
90
90
90
90
90
90
90
90
90
90
90
90
90
90
90
90
90
90
90
90
90
90
90
90
90
90
90
90
90
90
90
90
90
90
90
90
90
90
90
90
90
90
90
90
90
90
90
90
90
90
90
90
90
90
90
90
90
90
90
90
90
90
90
90
90
90
90
90
90
90
90
90
90
90
90
90
90
8D
64
24
0C
E8
4F
11
00
00
33
D2
83
EA
05
EB
2A
32
23
52
05
40
EB
34
04
07
B0
9B
D9
BD
AB
DA
0D
24
F2
6F
26
22
22
32
03
D9
4D
74
87
78
E7
0E
FC
7F
97
99
19
51
65
06
AC
CA
8C
EB
D9
38
C3
AC
5A
05
AE
5A
85
EB
2E
58
55
05
A0
0A
EB
F7
51
B5
7B
27
92
29
EB
2F
92
09
CA
8C
78
C7
5C
75
F7
0F
18
E1
2E
92
A9
5A
C5
0C
61
C6
2C
C2
EC
FE
2F
02
D2
AD
3A
83
E8
EB
DD
AE
0A
01
A0
9A
59
E5
7E
77
07
CD
3C
53
B5
52
6A
00
FF
D0
0B
C0
0F
84
63
00
00
00
EB
2D
32
EB
3F
23
52
05
40
04
EB
EE
8E
F8
EF
EE
0E
A6
FA
FF
0F
D0
8D
78
07
0E
60
E6
AE
BA
2B
52
05
68
26
92
79
07
00
B0
0B
83
C8
0C
00
50
05
EB
D2
80
08
14
91
79
EB
29
37
73
D7
FD
0F
9A
39
E3
9E
D9
2D
D2
EB
F0
0D
BB
2B
52
45
74
87
38
03
24
52
15
31
03
C0
0C
EB
CE
9C
19
A1
0A
70
07
6F
76
87
33
ED
68
F9
CE
F8
09
57
F7
D7
C1
EF
E8
BF
AD
BD
78
61
31
7C
24
04
5F
EB
2B
32
EB
40
23
52
05
40
04
F6
7F
C7
3C
03
C0
0C
55
E5
4E
A4
FA
1F
61
06
91
79
87
78
47
04
40
04
2F
42
64
36
C3
7C
B7
0B
3E
73
E7
FE
EB
D4
EF
5E
EB
2F
85
08
B3
FB
EF
FE
FF
9F
F9
0F
4D
64
96
39
33
A3
DA
0D
EB
EA
F2
5F
45
84
E8
EB
29
1E
31
03
8F
C8
BC
CB
6C
96
09
7A
A7
8A
E8
EE
BE
7B
07
52
E5
EB
E8
EE
BE
7B
27
52
05
5C
35
93
C9
AC
3A
B3
0B
67
06
40
E4
EE
56
6A
47
E8
F0
00
00
00
90
90
90
90
90
90
90
90
90
90
90
90
90
90
90
90
90
90
90
90
90
90
90
90
90
90
90
90
90
90
90
90
90
90
90
90
90
90
90
90
90
90
90
90
90
90
90
90
90
90
90
90
90
90
90
90
90
90
90
90
90
90
90
90
90
90
90
90
90
90
90
90
90
90
90
90
90
90
90
90
90
90
90
90
90
90
90
90
90
90
90
90
90
90
90
90
90
90
90
90
90
90
90
90
90
90
90
90
90
90
90
90
90
90
90
90
90
90
90
90
90
90
90
90
90
90
90
90
90
90
90
90
90
90
90
90
90
90
90
90
90
90
90
90
90
90
90
90
90
90
90
90
90
90
90
90
90
90
90
90
90
90
90
90
90
90
90
90
90
90
90
90
90
90
90
90
90
90
90
90
90
90
90
90
90
90
90
90
90
90
90
90
90
90
90
90
90
90
90
90
90
90
90
90
90
90
90
90
90
90
90
90
90
90
90
90
90
90
90
90
90
90
90
90
90
90
90
90
90
90
90
90
90
90
90
90
90
90
90
90
8D
64
24
08
E8
D7
0E
00
00
0F
B6
00
2D
90
00
00
00
0F
85
09
00
00
00
52
42
C1
EA
7D
5A
83
EC
04
68
01
20
FD
30
51
2B
CE
C1
C9
D3
03
CB
B9
F4
52
64
0D
31
4C
24
04
59
EB
2D
32
EB
3F
23
52
05
40
04
3E
83
C8
2C
F2
2F
D2
0D
8F
88
C8
7C
77
97
39
03
68
C6
2C
E2
CE
0C
10
01
DF
0D
00
00
50
65
76
07
53
25
E2
3E
E3
EB
D2
7E
47
04
C9
6C
A6
7A
77
E7
BE
0B
D0
8D
88
28
02
80
98
09
56
E8
5F
0E
00
00
50
03
C2
C1
E8
A2
C1
E8
97
58
8B
00
2D
55
8B
EC
90
0F
85
03
00
00
00
83
EC
04
53
C1
CB
1D
F7
D3
BB
F8
F0
53
BD
81
F3
06
9A
29
D4
87
1C
24
EB
2F
32
EB
48
23
52
05
40
04
F0
DF
5D
75
A7
BA
BB
0B
6B
D6
AD
7A
97
99
99
09
DC
3D
93
D9
DD
9D
E9
0E
C2
2C
02
20
D2
9D
D9
0D
C3
EC
EE
1E
31
73
37
EB
D0
03
8C
C8
FC
3F
43
04
EB
2A
33
C3
3C
03
20
32
63
06
17
11
91
19
21
52
55
05
3D
EB
EB
C3
0C
10
C1
8C
A8
0A
34
73
07
30
13
01
80
08
71
57
B5
AB
7A
07
E0
0E
56
56
81
C6
C3
30
CA
0B
5E
E8
BD
0D
00
00
6A
40
68
3E
9B
C1
F7
53
BB
C2
94
3E
08
01
5C
24
04
5B
53
57
C1
E7
CA
03
FA
2B
FC
5F
6A
00
52
C1
C2
13
5A
FF
D0
8B
F8
51
54
68
D2
F7
E1
8F
6A
25
E8
D8
00
00
00
90
90
90
90
90
90
90
90
90
90
90
90
90
90
90
90
90
90
90
90
90
90
90
90
90
90
90
90
90
90
90
90
90
90
90
90
90
90
90
90
90
90
90
90
90
90
90
90
90
90
90
90
90
90
90
90
90
90
90
90
90
90
90
90
90
90
90
90
90
90
90
90
90
90
90
90
90
90
90
90
90
90
90
90
90
90
90
90
90
90
90
90
90
90
90
90
90
90
90
90
90
90
90
90
90
90
90
90
90
90
90
90
90
90
90
90
90
90
90
90
90
90
90
90
90
90
90
90
90
90
90
90
90
90
90
90
90
90
90
90
90
90
90
90
90
90
90
90
90
90
90
90
90
90
90
90
90
90
90
90
90
90
90
90
90
90
90
90
90
90
90
90
90
90
90
90
90
90
90
90
90
90
90
90
90
90
90
90
90
90
90
90
90
90
90
90
90
90
90
90
90
90
90
90
90
90
90
90
90
90
90
90
90
90
90
90
8D
64
24
14
50
EB
14
32
23
52
05
40
EB
2E
04
E6
4E
44
44
44
24
32
03
73
67
16
71
EB
EF
97
B9
1B
01
8E
C8
AC
7A
E7
DE
7D
07
D6
CD
1C
11
81
98
59
05
90
D9
9D
B9
5B
95
A9
0A
8B
48
24
56
8B
DD
03
5C
24
18
81
C3
00
10
00
00
53
C1
E3
BA
33
DE
33
DE
5B
8B
33
81
F6
95
E4
27
83
50
68
01
34
5D
5A
E8
75
00
00
00
90
90
90
90
90
90
90
90
90
90
90
90
90
90
90
90
90
90
90
90
90
90
90
90
90
90
90
90
90
90
90
90
90
90
90
90
90
90
90
90
90
90
90
90
90
90
90
90
90
90
90
90
90
90
90
90
90
90
90
90
90
90
90
90
90
90
90
90
90
90
90
90
90
90
90
90
90
90
90
90
90
90
90
90
90
90
90
90
90
90
90
90
90
90
90
90
90
90
90
90
90
90
90
90
90
90
90
90
90
90
90
90
90
90
90
90
90
8D
64
24
0C
03
F5
8B
4B
04
68
95
E4
27
83
68
E0
D1
9C
DF
6A
1B
E8
8F
00
00
00
90
90
90
90
90
90
90
90
90
90
90
90
90
90
90
90
90
90
90
90
90
90
90
90
90
90
90
90
90
90
90
90
90
90
90
90
90
90
90
90
90
90
90
90
90
90
90
90
90
90
90
90
90
90
90
90
90
90
90
90
90
90
90
90
90
90
90
90
90
90
90
90
90
90
90
90
90
90
90
90
90
90
90
90
90
90
90
90
90
90
90
90
90
90
90
90
90
90
90
90
90
90
90
90
90
90
90
90
90
90
90
90
90
90
90
90
90
90
90
90
90
90
90
90
90
90
90
90
90
90
90
90
90
90
90
90
90
90
90
90
90
90
90
8D
64
24
0C
33
0C
24
54
E8
A7
00
00
00
90
90
90
90
90
90
90
90
90
90
90
90
90
90
90
90
90
90
90
90
90
90
90
90
90
90
90
90
90
90
90
90
90
90
90
90
90
90
90
90
90
90
90
90
90
90
90
90
90
90
90
90
90
90
90
90
90
90
90
90
90
90
90
90
90
90
90
90
90
90
90
90
90
90
90
90
90
90
90
90
90
90
90
90
90
90
90
90
90
90
90
90
90
90
90
90
90
90
90
90
90
90
90
90
90
90
90
90
90
90
90
90
90
90
90
90
90
90
90
90
90
90
90
90
90
90
90
90
90
90
90
90
90
90
90
90
90
90
90
90
90
90
90
90
90
90
90
90
90
90
90
90
90
90
90
90
90
90
90
90
90
90
90
90
90
90
90
8D
64
24
08
83
C4
04
6A
58
52
E8
E5
00
00
00
90
90
90
90
90
90
90
90
90
90
90
90
90
90
90
90
90
90
90
90
90
90
90
90
90
90
90
90
90
90
90
90
90
90
90
90
90
90
90
90
90
90
90
90
90
90
90
90
90
90
90
90
90
90
90
90
90
90
90
90
90
90
90
90
90
90
90
90
90
90
90
90
90
90
90
90
90
90
90
90
90
90
90
90
90
90
90
90
90
90
90
90
90
90
90
90
90
90
90
90
90
90
90
90
90
90
90
90
90
90
90
90
90
90
90
90
90
90
90
90
90
90
90
90
90
90
90
90
90
90
90
90
90
90
90
90
90
90
90
90
90
90
90
90
90
90
90
90
90
90
90
90
90
90
90
90
90
90
90
90
90
90
90
90
90
90
90
90
90
90
90
90
90
90
90
90
90
90
90
90
90
90
90
90
90
90
90
90
90
90
90
90
90
90
90
90
90
90
90
90
90
90
90
90
90
90
90
90
90
90
90
90
90
90
90
90
90
90
90
90
90
90
90
90
90
90
90
90
90
8D
64
24
0C
F3
A4
5E
8B
DD
03
5C
24
14
EB
2F
32
23
52
05
EB
42
40
04
35
03
B0
8B
38
33
F3
0F
A7
BA
6B
D6
2D
02
D0
0D
44
34
A3
BA
8B
F8
2F
02
79
67
86
58
55
C5
0C
1C
91
79
67
F6
3F
63
06
EB
D3
4C
74
47
44
A4
FA
5F
05
CE
BC
EB
2C
5B
85
C8
3C
A3
0A
F1
6F
86
78
47
EB
F1
F4
9F
09
EA
BE
CB
4C
14
71
E7
0E
B8
2B
72
77
E7
9E
D9
0D
81
48
C4
8C
88
28
22
02
72
07
E0
2E
81
C3
00
10
00
00
54
E8
19
01
00
00
90
90
90
90
90
90
90
90
90
90
90
90
90
90
90
90
90
90
90
90
90
90
90
90
90
90
90
90
90
90
90
90
90
90
90
90
90
90
90
90
90
90
90
90
90
90
90
90
90
90
90
90
90
90
90
90
90
90
90
90
90
90
90
90
90
90
90
90
90
90
90
90
90
90
90
90
90
90
90
90
90
90
90
90
90
90
90
90
90
90
90
90
90
90
90
90
90
90
90
90
90
90
90
90
90
90
90
90
90
90
90
90
90
90
90
90
90
90
90
90
90
90
90
90
90
90
90
90
90
90
90
90
90
90
90
90
90
90
90
90
90
90
90
90
90
90
90
90
90
90
90
90
90
90
90
90
90
90
90
90
90
90
90
90
90
90
90
90
90
90
90
90
90
90
90
90
90
90
90
90
90
90
90
90
90
90
90
90
90
90
90
90
90
90
90
90
90
90
90
90
90
90
90
90
90
90
90
90
90
90
90
90
90
90
90
90
90
90
90
90
90
90
90
90
90
90
90
90
90
90
90
90
90
90
90
90
90
90
90
90
90
90
90
90
90
90
90
90
90
90
90
90
90
90
90
90
90
90
90
90
90
90
90
90
90
90
90
90
90
90
90
90
90
90
90
90
90
90
90
90
90
8D
64
24
08
8B
5B
0C
68
95
E4
27
83
56
6A
E6
6A
A9
E8
FB
00
00
00
90
90
90
90
90
90
90
90
90
90
90
90
90
90
90
90
90
90
90
90
90
90
90
90
90
90
90
90
90
90
90
90
90
90
90
90
90
90
90
90
90
90
90
90
90
90
90
90
90
90
90
90
90
90
90
90
90
90
90
90
90
90
90
90
90
90
90
90
90
90
90
90
90
90
90
90
90
90
90
90
90
90
90
90
90
90
90
90
90
90
90
90
90
90
90
90
90
90
90
90
90
90
90
90
90
90
90
90
90
90
90
90
90
90
90
90
90
90
90
90
90
90
90
90
90
90
90
90
90
90
90
90
90
90
90
90
90
90
90
90
90
90
90
90
90
90
90
90
90
90
90
90
90
90
90
90
90
90
90
90
90
90
90
90
90
90
90
90
90
90
90
90
90
90
90
90
90
90
90
90
90
90
90
90
90
90
90
90
90
90
90
90
90
90
90
90
90
90
90
90
90
90
90
90
90
90
90
90
90
90
90
90
90
90
90
90
90
90
90
90
90
90
90
90
90
90
90
90
90
90
90
90
90
90
90
90
90
90
90
90
90
90
90
90
90
90
90
90
90
90
90
8D
64
24
10
33
1C
24
54
6A
15
68
AC
40
7C
F3
68
F7
21
17
AE
68
E6
D3
79
D1
E8
C6
00
00
00
90
90
90
90
90
90
90
90
90
90
90
90
90
90
90
90
90
90
90
90
90
90
90
90
90
90
90
90
90
90
90
90
90
90
90
90
90
90
90
90
90
90
90
90
90
90
90
90
90
90
90
90
90
90
90
90
90
90
90
90
90
90
90
90
90
90
90
90
90
90
90
90
90
90
90
90
90
90
90
90
90
90
90
90
90
90
90
90
90
90
90
90
90
90
90
90
90
90
90
90
90
90
90
90
90
90
90
90
90
90
90
90
90
90
90
90
90
90
90
90
90
90
90
90
90
90
90
90
90
90
90
90
90
90
90
90
90
90
90
90
90
90
90
90
90
90
90
90
90
90
90
90
90
90
90
90
90
90
90
90
90
90
90
90
90
90
90
90
90
90
90
90
90
90
90
90
90
90
90
90
90
90
90
90
90
90
90
90
90
90
90
90
90
90
90
90
90
90
8D
64
24
18
83
C4
04
68
5D
87
12
20
52
81
C2
38
62
71
D5
2B
D0
BA
5F
1C
98
B6
29
54
24
04
5A
6A
52
E8
E3
00
00
00
90
90
90
90
90
90
90
90
90
90
90
90
90
90
90
90
90
90
90
90
90
90
90
90
90
90
90
90
90
90
90
90
90
90
90
90
90
90
90
90
90
90
90
90
90
90
90
90
90
90
90
90
90
90
90
90
90
90
90
90
90
90
90
90
90
90
90
90
90
90
90
90
90
90
90
90
90
90
90
90
90
90
90
90
90
90
90
90
90
90
90
90
90
90
90
90
90
90
90
90
90
90
90
90
90
90
90
90
90
90
90
90
90
90
90
90
90
90
90
90
90
90
90
90
90
90
90
90
90
90
90
90
90
90
90
90
90
90
90
90
90
90
90
90
90
90
90
90
90
90
90
90
90
90
90
90
90
90
90
90
90
90
90
90
90
90
90
90
90
90
90
90
90
90
90
90
90
90
90
90
90
90
90
90
90
90
90
90
90
90
90
90
90
90
90
90
90
90
90
90
90
90
90
90
90
90
90
90
90
90
90
90
90
90
90
90
90
90
90
90
90
90
90
90
90
90
90
8D
64
24
08
56
E8
E0
04
00
00
6A
04
50
81
C0
3A
98
BF
14
C1
C0
24
B8
96
5D
B3
A1
81
E8
96
2D
B3
A1
87
04
24
57
81
C7
A8
82
04
48
C1
C7
42
C1
EF
6C
5F
53
6A
00
FF
D0
53
E8
16
01
00
00
90
90
90
90
90
90
90
90
90
90
90
90
90
90
90
90
90
90
90
90
90
90
90
90
90
90
90
90
90
90
90
90
90
90
90
90
90
90
90
90
90
90
90
90
90
90
90
90
90
90
90
90
90
90
90
90
90
90
90
90
90
90
90
90
90
90
90
90
90
90
90
90
90
90
90
90
90
90
90
90
90
90
90
90
90
90
90
90
90
90
90
90
90
90
90
90
90
90
90
90
90
90
90
90
90
90
90
90
90
90
90
90
90
90
90
90
90
90
90
90
90
90
90
90
90
90
90
90
90
90
90
90
90
90
90
90
90
90
90
90
90
90
90
90
90
90
90
90
90
90
90
90
90
90
90
90
90
90
90
90
90
90
90
90
90
90
90
90
90
90
90
90
90
90
90
90
90
90
90
90
90
90
90
90
90
90
90
90
90
90
90
90
90
90
90
90
90
90
90
90
90
90
90
90
90
90
90
90
90
90
90
90
90
90
90
90
90
90
90
90
90
90
90
90
90
90
90
90
90
90
90
90
90
90
90
90
90
90
90
90
90
90
90
90
90
90
90
90
90
90
90
90
90
90
90
90
90
90
90
90
90
90
90
90
90
90
90
90
90
90
90
90
90
90
90
90
90
90
8D
64
24
08
8B
F8
50
56
8B
DD
68
44
B1
F3
03
68
AF
FA
3D
76
6A
3E
68
21
BB
5A
BB
E8
8B
00
00
00
90
90
90
90
90
90
90
90
90
90
90
90
90
90
90
90
90
90
90
90
90
90
90
90
90
90
90
90
90
90
90
90
90
90
90
90
90
90
90
90
90
90
90
90
90
90
90
90
90
90
90
90
90
90
90
90
90
90
90
90
90
90
90
90
90
90
90
90
90
90
90
90
90
90
90
90
90
90
90
90
90
90
90
90
90
90
90
90
90
90
90
90
90
90
90
90
90
90
90
90
90
90
90
90
90
90
90
90
90
90
90
90
90
90
90
90
90
90
90
90
90
90
90
90
90
90
90
90
90
90
90
90
90
90
90
90
90
90
90
8D
64
24
14
03
5C
24
1C
81
C3
00
10
00
00
8B
73
08
68
95
E4
27
83
6A
71
6A
D8
6A
B3
6A
F2
E8
D5
00
00
00
90
90
90
90
90
90
90
90
90
90
90
90
90
90
90
90
90
90
90
90
90
90
90
90
90
90
90
90
90
90
90
90
90
90
90
90
90
90
90
90
90
90
90
90
90
90
90
90
90
90
90
90
90
90
90
90
90
90
90
90
90
90
90
90
90
90
90
90
90
90
90
90
90
90
90
90
90
90
90
90
90
90
90
90
90
90
90
90
90
90
90
90
90
90
90
90
90
90
90
90
90
90
90
90
90
90
90
90
90
90
90
90
90
90
90
90
90
90
90
90
90
90
90
90
90
90
90
90
90
90
90
90
90
90
90
90
90
90
90
90
90
90
90
90
90
90
90
90
90
90
90
90
90
90
90
90
90
90
90
90
90
90
90
90
90
90
90
90
90
90
90
90
90
90
90
90
90
90
90
90
90
90
90
90
90
90
90
90
90
90
90
90
90
90
90
90
90
90
90
90
90
90
90
90
90
90
90
90
90
90
90
90
90
8D
64
24
14
33
34
24
68
F0
24
E4
73
55
6A
EB
51
6A
CA
E8
E0
00
00
00
90
90
90
90
90
90
90
90
90
90
90
90
90
90
90
90
90
90
90
90
90
90
90
90
90
90
90
90
90
90
90
90
90
90
90
90
90
90
90
90
90
90
90
90
90
90
90
90
90
90
90
90
90
90
90
90
90
90
90
90
90
90
90
90
90
90
90
90
90
90
90
90
90
90
90
90
90
90
90
90
90
90
90
90
90
90
90
90
90
90
90
90
90
90
90
90
90
90
90
90
90
90
90
90
90
90
90
90
90
90
90
90
90
90
90
90
90
90
90
90
90
90
90
90
90
90
90
90
90
90
90
90
90
90
90
90
90
90
90
90
90
90
90
90
90
90
90
90
90
90
90
90
90
90
90
90
90
90
90
90
90
90
90
90
90
90
90
90
90
90
90
90
90
90
90
90
90
90
90
90
90
90
90
90
90
90
90
90
90
90
90
90
90
90
90
90
90
90
90
90
90
90
90
90
90
90
90
90
90
90
90
90
90
90
90
90
90
90
90
90
90
90
90
90
8D
64
24
18
81
C4
04
00
00
00
EB
1D
32
23
52
05
40
04
16
21
22
EB
2F
82
68
C6
5C
05
D0
9D
99
F9
AF
AA
AA
0A
CB
BC
4B
74
97
EB
EA
B9
9B
09
BC
2B
EB
29
A2
7A
47
04
E0
0E
22
82
78
57
35
A3
CA
0C
A3
8A
88
78
97
69
EB
E8
26
02
EC
EB
2B
0E
A0
6A
46
64
16
01
13
91
D9
DD
ED
4E
74
EB
EE
07
77
C7
7C
A7
FA
DF
5D
05
1D
41
E4
3E
D3
AD
BA
0B
94
19
11
B1
3B
03
90
09
51
05
03
F5
57
4F
8D
79
EC
4F
5F
8B
4B
0C
81
F1
95
E4
27
83
EB
2B
32
EB
3D
23
52
05
40
04
86
98
29
52
65
36
93
09
5B
05
60
86
F8
0F
E0
0E
D5
5D
65
A6
0A
20
C2
0C
DA
AD
9A
89
58
85
38
03
57
B5
7B
EB
D4
77
37
93
19
01
A2
DA
7D
87
28
12
61
06
5A
E5
CE
CC
2C
92
F3
A4
5E
68
5F
F7
14
E0
56
BE
25
76
EB
1F
01
74
24
04
5E
50
2B
C4
C1
C0
C4
40
58
5F
53
C1
CB
63
43
5B
8B
44
24
04
56
4E
C1
C6
89
2B
F4
4E
5E
FF
E0
55
8B
EC
83
C4
FC
EB
2A
32
23
52
05
40
EB
34
04
8E
28
A2
AA
1A
A1
2A
02
FB
EF
CE
EC
6E
C6
1C
01
76
67
36
23
82
08
70
07
9E
C9
6C
F6
FF
2F
42
04
B8
DB
EB
D9
EB
2E
4D
94
A9
3A
B3
0B
93
D9
7D
07
50
C5
9C
EB
EF
09
E4
CE
8C
58
25
62
F6
0F
2A
32
83
F8
0F
50
C5
0C
0B
30
B3
4B
54
F5
2F
02
34
73
C7
AC
FA
5F
53
56
56
2B
F5
8D
31
33
F2
46
5E
57
8B
5D
08
EB
2D
32
EB
3F
23
52
05
40
04
06
E0
1E
91
B9
6B
06
25
32
E3
CE
BC
FB
6F
06
21
42
14
31
33
E3
4E
04
7F
D7
AD
CA
9C
D9
AD
0A
4E
E4
CE
9C
A9
EA
EB
D2
9E
09
83
18
41
EB
29
34
53
25
E2
0E
DD
BD
9B
29
72
67
D6
EB
F0
0D
42
44
14
31
83
08
30
03
9F
49
44
74
F7
FF
0F
4A
94
69
56
A5
FA
6F
06
E2
CE
FC
8B
CB
03
5B
3C
56
46
33
F3
81
C6
C0
6A
EB
8A
5E
8B
5B
78
03
D9
FF
73
18
8F
45
FC
56
6A
7B
55
51
E8
73
00
00
00
90
90
90
90
90
90
90
90
90
90
90
90
90
90
90
90
90
90
90
90
90
90
90
90
90
90
90
90
90
90
90
90
90
90
90
90
90
90
90
90
90
90
90
90
90
90
90
90
90
90
90
90
90
90
90
90
90
90
90
90
90
90
90
90
90
90
90
90
90
90
90
90
90
90
90
90
90
90
90
90
90
90
90
90
90
90
90
90
90
90
90
90
90
90
90
90
90
90
90
90
90
90
90
90
90
90
90
90
90
90
90
90
90
90
90
8D
64
24
14
8B
7B
20
68
9F
DE
99
0C
51
68
6E
FF
26
33
68
91
F8
47
07
E8
F8
00
00
00
90
90
90
90
90
90
90
90
90
90
90
90
90
90
90
90
90
90
90
90
90
90
90
90
90
90
90
90
90
90
90
90
90
90
90
90
90
90
90
90
90
90
90
90
90
90
90
90
90
90
90
90
90
90
90
90
90
90
90
90
90
90
90
90
90
90
90
90
90
90
90
90
90
90
90
90
90
90
90
90
90
90
90
90
90
90
90
90
90
90
90
90
90
90
90
90
90
90
90
90
90
90
90
90
90
90
90
90
90
90
90
90
90
90
90
90
90
90
90
90
90
90
90
90
90
90
90
90
90
90
90
90
90
90
90
90
90
90
90
90
90
90
90
90
90
90
90
90
90
90
90
90
90
90
90
90
90
90
90
90
90
90
90
90
90
90
90
90
90
90
90
90
90
90
90
90
90
90
90
90
90
90
90
90
90
90
90
90
90
90
90
90
90
90
90
90
90
90
90
90
90
90
90
90
90
90
90
90
90
90
90
90
90
90
90
90
90
90
90
90
90
90
90
90
90
90
90
90
90
90
90
90
90
90
90
90
90
90
90
90
90
90
90
90
90
90
90
90
8D
64
24
14
03
F9
33
F6
8D
14
B7
56
F7
D6
33
F3
C1
EE
91
5E
8B
12
03
D1
33
C0
C1
C0
07
EB
30
32
23
52
05
40
EB
42
04
1C
E1
2E
C2
6C
C6
AC
0A
27
42
64
C6
EC
3E
93
09
E8
5E
E5
BE
8B
38
E3
0E
DE
5D
25
B2
EB
EE
DE
0D
AF
5A
05
80
E8
CE
2C
02
EB
D3
08
30
13
11
51
65
16
01
FF
2F
92
39
E3
4E
74
07
F3
9F
F9
CF
0C
40
54
90
90
32
02
51
C1
C1
7E
33
CF
59
90
90
42
6A
23
6A
A2
E8
C4
00
00
00
90
90
90
90
90
90
90
90
90
90
90
90
90
90
90
90
90
90
90
90
90
90
90
90
90
90
90
90
90
90
90
90
90
90
90
90
90
90
90
90
90
90
90
90
90
90
90
90
90
90
90
90
90
90
90
90
90
90
90
90
90
90
90
90
90
90
90
90
90
90
90
90
90
90
90
90
90
90
90
90
90
90
90
90
90
90
90
90
90
90
90
90
90
90
90
90
90
90
90
90
90
90
90
90
90
90
90
90
90
90
90
90
90
90
90
90
90
90
90
90
90
90
90
90
90
90
90
90
90
90
90
90
90
90
90
90
90
90
90
90
90
90
90
90
90
90
90
90
90
90
90
90
90
90
90
90
90
90
90
90
90
90
90
90
90
90
90
90
90
90
90
90
90
90
90
90
90
90
90
90
90
90
90
90
90
90
90
90
90
90
90
90
90
90
90
90
8D
64
24
0C
90
52
F7
D2
4A
2B
D0
81
C2
D4
D5
9F
4E
5A
90
80
3A
00
0F
85
BB
FE
FF
FF
90
52
53
55
56
E8
FB
00
00
00
90
90
90
90
90
90
90
90
90
90
90
90
90
90
90
90
90
90
90
90
90
90
90
90
90
90
90
90
90
90
90
90
90
90
90
90
90
90
90
90
90
90
90
90
90
90
90
90
90
90
90
90
90
90
90
90
90
90
90
90
90
90
90
90
90
90
90
90
90
90
90
90
90
90
90
90
90
90
90
90
90
90
90
90
90
90
90
90
90
90
90
90
90
90
90
90
90
90
90
90
90
90
90
90
90
90
90
90
90
90
90
90
90
90
90
90
90
90
90
90
90
90
90
90
90
90
90
90
90
90
90
90
90
90
90
90
90
90
90
90
90
90
90
90
90
90
90
90
90
90
90
90
90
90
90
90
90
90
90
90
90
90
90
90
90
90
90
90
90
90
90
90
90
90
90
90
90
90
90
90
90
90
90
90
90
90
90
90
90
90
90
90
90
90
90
90
90
90
90
90
90
90
90
90
90
90
90
90
90
90
90
90
90
90
90
90
90
90
90
90
90
90
90
90
90
90
90
90
90
90
90
90
90
90
90
90
90
90
90
90
90
90
90
90
90
90
90
90
90
90
90
8D
64
24
14
90
3B
45
0C
0F
84
9A
00
00
00
90
EB
30
32
23
52
05
40
04
3E
63
96
D9
6D
C6
3C
03
EB
0E
E0
DE
BD
9B
09
A6
9A
E9
7E
B7
BB
7B
07
0E
80
88
28
02
C0
4C
04
EB
2A
68
C6
8C
58
45
24
B2
0B
83
EB
F3
E8
7E
EB
2C
97
99
D9
8D
08
14
31
03
70
A7
9A
F9
0F
9A
59
A5
1A
21
32
C3
0C
BB
CB
EC
FE
9F
B9
EB
E1
EB
2E
2B
02
24
72
A7
9A
D9
ED
0E
EB
6E
C6
BC
EB
EF
CB
2C
62
06
6F
96
69
36
C3
6C
56
05
B5
1B
51
25
02
A0
BA
0B
4C
34
A3
EA
BE
0B
80
08
A9
3A
93
90
46
53
C1
CB
82
5B
90
57
5F
90
3B
75
FC
0F
82
FC
FC
FF
FF
8B
53
24
03
D1
68
A9
EC
CF
DA
E8
E6
00
00
00
90
90
90
90
90
90
90
90
90
90
90
90
90
90
90
90
90
90
90
90
90
90
90
90
90
90
90
90
90
90
90
90
90
90
90
90
90
90
90
90
90
90
90
90
90
90
90
90
90
90
90
90
90
90
90
90
90
90
90
90
90
90
90
90
90
90
90
90
90
90
90
90
90
90
90
90
90
90
90
90
90
90
90
90
90
90
90
90
90
90
90
90
90
90
90
90
90
90
90
90
90
90
90
90
90
90
90
90
90
90
90
90
90
90
90
90
90
90
90
90
90
90
90
90
90
90
90
90
90
90
90
90
90
90
90
90
90
90
90
90
90
90
90
90
90
90
90
90
90
90
90
90
90
90
90
90
90
90
90
90
90
90
90
90
90
90
90
90
90
90
90
90
90
90
90
90
90
90
90
90
90
90
90
90
90
90
90
90
90
90
90
90
90
90
90
90
90
90
90
90
90
90
90
90
90
90
90
90
90
90
90
90
90
90
90
90
90
90
90
90
90
90
90
90
90
90
90
90
90
90
8D
64
24
08
0F
B7
14
72
8B
43
1C
03
C1
EB
2E
32
23
52
05
40
EB
38
04
46
84
98
99
89
08
60
06
2E
22
42
94
D9
5D
55
05
08
C0
AC
EA
5E
E5
BE
0B
A3
5A
55
A5
9A
A9
8A
08
B4
BB
7B
17
01
60
EB
D5
F6
0F
BA
1B
61
C6
4C
74
C7
0C
5B
65
E6
BE
DB
8B
04
90
EB
20
32
23
52
05
40
EB
2A
04
78
B7
0B
20
52
C5
3C
03
9D
09
70
17
21
C2
1C
01
70
67
C6
5C
35
C3
7C
07
EB
E3
10
01
EB
2C
A0
AA
7A
77
47
04
42
34
23
82
48
EB
F1
EB
2E
04
A0
0A
55
F5
BF
DB
7D
C7
9C
09
7E
A7
2A
52
F5
0F
F0
0F
BC
3B
E3
CE
7C
07
C0
0C
35
F3
EB
DF
9F
99
D9
AD
3A
03
16
B1
0B
70
C7
9C
09
F5
2F
03
C1
EB
2A
32
23
52
05
40
EB
34
04
92
59
D5
6D
C6
1C
31
03
AF
3A
43
E4
0E
10
11
01
1A
31
F3
3F
03
F0
7F
07
72
A7
DA
ED
4E
64
46
04
FC
CF
EB
D9
EB
2E
FC
4F
54
55
A5
0A
87
98
99
79
87
98
99
EB
EF
09
C8
FC
3F
E3
EE
7E
F7
0F
3E
A3
8A
B8
CB
BC
DB
0D
8F
28
62
06
60
16
21
02
68
E6
BE
DB
1D
B1
5F
5E
5B
6A
FB
68
9A
22
76
F1
55
6A
4D
E8
A0
00
00
00
90
90
90
90
90
90
90
90
90
90
90
90
90
90
90
90
90
90
90
90
90
90
90
90
90
90
90
90
90
90
90
90
90
90
90
90
90
90
90
90
90
90
90
90
90
90
90
90
90
90
90
90
90
90
90
90
90
90
90
90
90
90
90
90
90
90
90
90
90
90
90
90
90
90
90
90
90
90
90
90
90
90
90
90
90
90
90
90
90
90
90
90
90
90
90
90
90
90
90
90
90
90
90
90
90
90
90
90
90
90
90
90
90
90
90
90
90
90
90
90
90
90
90
90
90
90
90
90
90
90
90
90
90
90
90
90
90
90
90
90
90
90
90
90
90
90
90
90
90
90
90
90
90
90
90
90
90
90
90
90
8D
64
24
14
C9
C2
08
00
95
A4
27
83
95
92
27
83
95
34
27
83
95
E6
23
83
00
00
00
00
00
00
00
00
00
00
00
00
00
00
00
00
00
00
00
00
00
00
00
00
00
00
00
00
00
00
00
00
00
00
00
00
00
00
00
00
00
00
00
00
00
00
00
00
00
00
00
00
00
00
00
00
00
00
00
00
00
00
00
00
00
00
00
00
00
00
00
00
00
00
00
00
00
00
00
00
00
00
00
00
00
00
00
00
00
00
00
00
00
00
00
00
00
00
00
00
00
00
00
00
00
00
00
00
00
00
00
00
00
00
00
00
00
00
00
00
00
00
00
00
00
00
00
00
00
00
00
00
00
00
00
00
00
00
00
00
00
00
00
00
00
00
00
00
00
00
00
00
00
00
00
00
00
00
00
00
00
00
00
00
00
00
00
00
00
00
00
00
00
00
00
00
00
00
00
00
00
00
00
00
00
00
00
00
00
00
00
00
00
00
00
00
00
00
00
00
00
00
00
00
00
00
00
00
00
00
00
00
00
00
00
00
00
00
00
00
00
00
00
00
00
00
00
00
00
00
00
00
00
00
00
00
00
00
00
00
00
00
00
00
00
00
00
00
00
00
00
00
00
00
00
00
00
00
00
00
00
00
00
00
00
00
00
00
00
00
00
00
00
00
00
00
00
00
00
00
00
00
00
00
00
00
00
52
2B
D6
2B
D7
5A
57
52
42
C1
EA
8A
42
BA
F5
A9
