C3
00
00
00
00
00
00
00
00
00
00
00
00
00
00
00
00
00
00
00
00
00
00
00
00
00
00
00
00
00
00
00
00
00
00
00
00
00
00
00
00
00
00
00
00
00
00
00
00
00
00
00
00
00
00
00
00
00
00
00
00
00
00
00
00
00
00
00
00
00
00
00
00
00
00
00
00
00
00
00
00
00
00
00
00
00
00
00
00
00
00
00
00
00
00
00
00
00
00
00
00
00
00
00
00
00
00
00
00
00
00
00
00
00
00
00
00
00
00
00
00
00
00
00
00
00
00
00
00
00
00
00
00
00
00
00
00
00
00
00
00
00
00
00
00
00
00
00
00
00
00
00
00
00
00
00
00
00
00
00
00
00
00
00
00
00
00
00
00
00
00
00
00
00
00
00
00
00
00
00
00
00
00
00
00
00
00
00
00
00
00
00
00
00
00
00
00
00
00
00
00
00
00
00
00
00
00
00
00
00
00
00
00
00
00
00
00
00
00
00
00
00
00
00
00
00
00
00
00
00
00
00
00
00
00
00
00
00
00
00
00
00
00
00
00
00
00
00
00
00
00
00
00
00
00
00
00
00
00
00
00
00
00
00
00
00
00
00
00
00
00
00
00
00
00
00
00
00
00
00
00
00
00
00
00
00
00
00
00
00
00
00
00
00
00
00
00
00
00
00
00
00
00
00
00
00
00
00
00
00
00
00
00
00
00
00
00
00
00
00
00
00
00
00
00
00
00
00
00
00
00
00
00
00
00
00
00
00
00
00
00
00
00
00
00
00
00
00
00
00
00
00
00
00
00
00
00
00
00
00
00
00
00
00
00
00
00
00
00
00
00
00
00
00
00
00
00
00
00
00
00
00
00
00
00
00
00
00
00
00
00
00
00
00
00
00
00
00
00
00
00
00
00
00
00
00
00
00
00
00
00
00
00
00
00
00
00
00
00
00
00
00
00
00
00
00
00
00
00
00
00
00
00
00
00
00
00
00
00
00
00
00
00
00
00
00
00
00
00
00
00
00
00
00
00
00
00
00
00
00
00
00
00
00
00
00
00
00
00
00
00
00
00
00
00
00
00
00
00
00
00
00
00
00
00
00
00
00
00
00
00
00
00
00
00
00
00
00
00
00
00
00
00
00
00
00
00
00
00
00
00
00
00
00
00
00
00
00
00
00
00
00
00
00
00
00
00
00
00
00
00
00
00
00
00
00
00
00
00
00
00
00
00
00
00
00
00
00
00
00
00
00
00
00
00
00
00
00
00
00
00
00
00
00
00
00
00
00
00
00
00
00
00
00
00
00
00
00
00
00
00
00
00
00
00
00
00
00
00
00
00
00
00
00
00
00
00
00
00
00
00
00
00
00
00
00
00
00
00
00
00
00
00
00
00
00
00
00
00
00
00
00
00
00
00
00
00
00
00
00
00
00
00
00
00
00
00
00
00
00
00
00
00
00
00
00
00
00
00
00
00
00
00
00
00
00
00
00
00
00
00
00
00
00
00
00
00
00
00
00
00
00
00
00
00
00
00
00
00
00
00
00
00
00
00
00
00
00
00
00
00
00
00
00
00
00
00
00
00
00
00
00
00
00
00
00
00
00
00
00
00
00
00
00
00
00
00
00
00
00
00
00
00
00
00
00
00
00
00
00
00
00
00
00
00
00
00
00
00
00
00
00
00
00
00
00
00
00
00
00
00
00
00
00
00
00
00
00
00
00
00
00
00
00
00
00
00
00
00
00
00
00
00
00
00
00
00
00
00
00
00
00
00
00
00
00
00
00
00
00
00
00
00
00
00
00
00
00
00
00
00
00
00
00
00
00
00
00
00
00
00
00
00
00
00
00
00
00
00
00
00
00
00
00
00
00
00
00
00
00
00
00
00
00
00
00
00
00
00
00
00
00
00
00
00
00
00
00
00
00
00
00
00
00
00
00
00
00
00
00
00
00
00
00
00
00
00
00
00
00
00
00
00
00
00
00
00
00
00
00
00
00
00
00
00
00
00
00
00
00
00
00
00
00
00
00
00
00
00
00
00
00
00
00
00
00
00
00
00
00
00
00
00
00
00
00
00
00
00
00
00
00
00
00
00
00
00
00
00
00
00
00
00
00
00
00
00
00
00
00
00
00
00
00
00
00
00
00
00
00
00
00
00
00
00
00
00
00
00
00
00
00
00
00
00
00
00
00
00
00
00
00
00
00
00
00
00
00
00
00
00
00
00
00
00
00
00
00
00
00
00
00
00
00
00
00
00
00
00
00
00
00
00
00
00
00
00
00
00
00
00
00
00
00
00
00
00
00
00
00
00
00
00
00
00
00
00
00
00
00
00
00
00
00
00
00
00
00
00
00
00
00
00
00
00
00
00
00
00
00
00
00
00
00
00
00
00
00
00
00
00
00
00
00
00
00
00
00
00
00
00
00
00
00
00
00
00
00
00
00
00
00
00
00
00
00
00
00
00
00
00
00
00
00
00
00
00
00
00
00
00
00
00
00
00
00
00
00
00
00
00
00
00
00
00
00
00
00
00
00
00
00
00
00
00
00
00
00
00
00
00
00
00
00
00
00
00
00
00
00
00
00
00
00
00
00
00
00
00
00
00
00
00
00
00
00
00
00
00
00
00
00
00
00
00
00
00
00
00
00
00
00
00
00
00
00
00
00
00
00
00
00
00
00
00
00
00
00
00
00
00
00
00
00
00
00
00
00
00
00
00
00
00
00
00
00
00
00
00
00
00
00
00
00
00
00
00
00
00
00
00
00
00
00
00
00
00
00
00
00
00
00
00
00
00
00
00
00
00
00
00
00
00
00
00
00
00
00
00
00
00
00
00
00
00
00
00
00
00
00
00
00
00
00
00
00
00
00
00
00
00
00
00
00
00
00
00
00
00
00
00
00
00
00
00
00
00
00
00
00
00
00
00
00
00
00
00
00
00
00
00
00
00
00
00
00
00
00
00
00
00
00
00
00
00
00
00
00
00
00
00
00
00
00
00
00
00
00
00
00
00
00
00
00
00
00
00
00
00
00
00
00
00
00
00
C3
50
86
C9
68
00
10
00
10
D2
C8
66
81
C8
2F
05
81
C0
9D
40
87
39
80
F0
28
80
E8
3E
58
66
81
C8
51
1F
66
81
C8
6B
0B
58
E9
5A
07
00
00
2B
DA
8B
FF
E9
43
15
00
00
68
68
56
66
8B
C0
33
F6
87
DB
E9
84
04
00
00
89
4D
F8
66
8B
C0
E9
41
0D
00
00
68
55
87
FF
BD
9E
3C
CC
4E
D3
C5
81
C5
90
4E
6E
1D
81
C5
5C
39
43
76
8B
EC
83
E4
F8
86
C0
83
EC
18
86
C0
8A
08
87
DB
83
64
24
14
00
90
E9
EB
04
00
00
57
86
C0
6A
01
67
90
6A
00
66
8B
D2
FF
15
64
40
00
10
85
C0
EB
17
68
68
68
68
68
68
68
68
68
68
68
68
68
68
68
68
68
68
68
68
68
68
68
0F
84
80
0A
00
00
6A
7B
87
C9
6A
00
86
DB
E9
5D
08
00
00
8B
40
0C
50
58
8B
40
1C
8B
F6
8B
00
8A
C0
8B
40
08
67
90
E9
A6
08
00
00
55
8B
EC
53
90
90
90
90
90
90
EB
16
68
68
68
68
68
68
68
68
68
68
68
68
68
68
68
68
68
68
68
68
68
68
90
EB
0E
68
68
68
68
68
68
68
68
68
68
68
68
68
68
E9
71
07
00
00
33
FF
53
5B
53
03
44
24
00
66
D3
C0
66
33
C3
66
B8
7C
19
68
1E
00
00
00
B0
40
80
F0
B0
2B
44
24
10
58
FE
C3
03
5C
24
24
66
81
C3
08
30
66
33
D9
66
D3
EB
48
85
C0
75
EA
5B
FF
35
50
40
00
10
D3
C0
80
C8
8B
58
FF
D0
85
C0
EB
18
68
68
68
68
68
68
68
68
68
68
68
68
68
68
68
68
68
68
68
68
68
68
68
68
0F
85
04
0A
00
00
E8
BA
00
00
00
53
5B
E9
EE
09
00
00
8B
40
1C
90
8B
00
67
90
8B
F7
8B
70
08
85
F6
EB
17
68
68
68
68
68
68
68
68
68
68
68
68
68
68
68
68
68
68
68
68
68
68
68
E9
7C
01
00
00
C3
EB
0B
68
68
68
68
68
68
68
68
68
68
68
68
68
68
68
68
68
68
68
68
68
68
68
68
55
8A
D2
81
C5
6D
71
CD
10
8B
EC
51
90
E9
B0
02
00
00
F3
A4
EB
0B
68
68
68
68
68
68
68
68
68
68
68
33
CF
66
21
C9
83
E1
00
03
0D
EC
43
00
10
D3
C8
8B
05
E4
43
00
10
4E
8B
F1
2B
35
E8
43
00
10
67
90
03
C1
90
E9
B3
01
00
00
40
66
8B
C0
57
67
90
89
4C
24
14
66
87
C9
89
44
24
10
90
E9
82
08
00
00
2B
C9
59
E9
C3
18
00
00
68
55
67
90
8B
EA
4D
8B
EC
E9
3B
FE
FF
FF
D3
C8
23
44
24
10
80
E8
5B
20
C8
66
81
C0
2B
2F
8B
46
3C
8B
44
30
78
67
90
83
65
FC
00
90
E9
51
09
00
00
68
68
68
68
68
68
68
68
68
55
66
8B
C9
8B
E9
2B
6C
24
1C
8B
E9
03
ED
D3
CD
8B
EC
83
EC
20
67
90
53
66
87
D2
56
67
90
E9
22
01
00
00
E8
9F
FF
FF
FF
66
8B
D2
8B
40
0C
67
90
8B
40
1C
90
E9
3C
04
00
00
81
CD
6E
17
E8
79
81
E5
18
52
1A
4D
D3
CD
81
CD
36
44
29
7E
81
F5
8F
12
C4
1E
8B
EC
51
66
8B
C9
8D
45
FC
EB
0F
68
68
68
68
68
68
68
68
68
68
68
68
68
68
68
50
87
C9
6A
40
90
FF
35
D0
43
00
10
67
90
FF
75
08
8B
FF
E8
18
00
00
00
90
C9
EB
0A
68
68
68
68
68
68
68
68
68
68
E9
A9
FE
FF
FF
68
68
68
68
68
56
8A
D2
57
87
C0
33
F6
67
90
56
90
56
8A
C9
56
8A
DB
56
57
5F
56
90
56
66
8B
C9
E9
68
02
00
00
0F
85
12
09
00
00
E9
04
09
00
00
FF
75
FC
8A
D2
EB
55
4A
6F
49
80
F3
D5
D3
C3
8B
D8
E9
55
11
00
00
68
68
55
67
90
D3
CD
03
ED
8B
EC
51
8B
C9
51
8A
C0
E9
07
06
00
00
66
8B
D8
8B
D8
80
E0
62
8B
41
3C
03
C1
86
C9
0F
B7
50
14
EB
16
68
68
68
68
68
68
68
68
68
68
68
68
68
68
68
68
68
68
68
68
68
68
E9
51
06
00
00
21
D8
66
2B
C2
66
09
D0
B0
99
8B
C1
E9
ED
0B
00
00
68
68
68
68
E8
89
FE
FF
FF
8A
D2
E9
0A
FD
FF
FF
57
67
90
D3
C6
D3
EE
8B
74
24
14
09
CE
8B
F0
E9
8B
02
00
00
83
38
00
87
E4
E9
8C
00
00
00
68
68
68
68
68
68
55
57
5F
BD
A9
5B
9A
3D
03
ED
81
E5
FE
72
92
70
8B
EE
8B
EC
51
53
5B
51
86
C0
83
3D
C4
43
00
10
00
8A
DB
53
EB
1C
68
68
68
68
68
68
68
68
68
68
68
68
68
68
68
68
68
68
68
68
68
68
68
68
68
68
68
68
56
EB
1F
68
68
68
68
68
68
68
68
68
68
68
68
68
68
68
68
68
68
68
68
68
68
68
68
68
68
68
68
68
68
68
57
EB
14
68
68
68
68
68
68
68
68
68
68
68
68
68
68
68
68
68
68
68
68
0F
85
06
19
00
00
E9
34
FE
FF
FF
0F
84
BD
11
00
00
53
66
87
C9
8B
D7
D3
E2
66
2B
D2
66
8B
D1
66
81
EA
60
63
8B
50
04
83
EA
08
8A
C0
E9
26
0B
00
00
68
55
87
E4
E9
1B
FE
FF
FF
51
8A
D2
53
51
59
2B
5C
24
20
8B
DA
E9
85
02
00
00
68
55
66
8B
C9
81
F5
DC
30
D7
00
21
F5
8B
EC
51
90
56
67
90
57
90
6A
40
66
90
FF
35
DC
43
00
10
54
5C
E9
DE
00
00
00
46
66
87
C9
E8
2F
FB
FF
FF
8B
D2
8D
34
70
EB
0D
68
68
68
68
68
68
68
68
68
68
68
68
68
E8
16
FB
FF
FF
66
8B
D2
85
C0
EB
0C
68
68
68
68
68
68
68
68
68
68
68
68
0F
85
C9
FF
FF
FF
D2
C8
8B
C6
21
EE
33
F3
81
CE
89
49
FB
70
33
74
24
18
5E
C3
EB
1E
68
68
68
68
68
68
68
68
68
68
68
68
68
68
68
68
68
68
68
68
68
68
68
68
68
68
68
68
68
68
68
68
68
68
68
68
68
68
68
55
66
8B
DB
D3
E5
21
CD
8B
EC
83
EC
18
53
5B
FF
35
E0
43
00
10
B0
BB
2B
C6
20
D0
58
53
86
D2
56
90
57
90
6A
04
87
C0
E9
8E
00
00
00
56
87
C0
33
F6
8A
DB
21
74
24
08
90
88
0B
66
90
8D
4B
01
EB
11
68
68
68
68
68
68
68
68
68
68
68
68
68
68
68
68
68
E9
81
FC
FF
FF
56
66
8B
C0
56
66
90
56
8B
C9
E9
6B
FB
FF
FF
E8
A7
FD
FF
FF
8A
DB
50
8F
05
EC
43
00
10
FF
35
DC
43
00
10
41
66
33
CB
2B
4C
24
08
80
F1
29
59
FF
35
E8
43
00
10
2B
74
24
1C
09
DE
81
EE
F6
08
EB
2A
81
E6
F7
6D
F6
4C
2B
74
24
24
5E
03
FA
81
F7
3F
7F
02
02
09
D7
D3
CF
8B
3D
EC
43
00
10
E9
E6
FB
FF
FF
05
00
06
00
00
87
E4
50
66
87
DB
E8
48
FD
FF
FF
57
5F
66
41
09
F9
8B
4C
24
14
8B
CB
66
D3
C1
8B
0D
E8
43
00
10
E9
42
FD
FF
FF
6A
04
66
8B
DB
05
00
06
00
00
90
50
90
E8
1C
FD
FF
FF
67
90
FF
35
E8
43
00
10
8A
C8
2B
4C
24
0C
FE
C9
81
E1
B3
51
9F
27
8B
4C
24
08
59
E9
C2
01
00
00
8D
45
E0
EB
1D
68
68
68
68
68
68
68
68
68
68
68
68
68
68
68
68
68
68
68
68
68
68
68
68
68
68
68
68
68
50
90
6A
00
86
C0
6A
01
86
D2
68
78
40
00
10
66
81
E0
BE
48
03
44
24
00
52
66
21
D8
66
03
C3
81
E8
A7
62
EA
21
FE
C8
03
C5
66
D3
E8
83
E0
00
81
C0
0D
00
00
00
D2
C2
33
D1
0B
54
24
24
48
85
C0
75
F3
5A
58
8B
00
FF
D0
85
C0
EB
12
68
68
68
68
68
68
68
68
68
68
68
68
68
68
68
68
68
68
0F
84
6A
FB
FF
FF
33
F6
67
90
46
90
E9
5F
FB
FF
FF
8B
00
86
C9
D3
E1
03
4C
24
14
D3
C9
8B
48
08
83
65
FC
00
66
90
68
A1
F9
12
A4
86
C0
21
C0
D2
E0
8B
44
24
18
D3
C0
66
D3
E0
58
05
E8
03
00
00
66
8B
C0
50
8B
C0
8F
45
FC
66
90
E9
14
FC
FF
FF
66
42
66
D3
C2
8B
D0
C1
EA
02
EB
0A
68
68
68
68
68
68
68
68
68
68
83
C0
04
8A
C9
E9
FE
F8
FF
FF
68
68
68
68
68
68
68
68
55
56
5E
2B
6C
24
04
81
E5
07
43
7B
7C
21
C5
81
ED
28
4F
2A
21
D3
ED
8B
EC
83
EC
1C
66
87
C9
FF
35
E0
43
00
10
FE
C0
66
8B
C2
58
53
87
ED
56
86
C9
57
90
E9
9E
FE
FF
FF
0B
44
24
10
81
E0
D6
67
D7
29
8B
41
0C
85
C0
EB
20
68
68
68
68
68
68
68
68
68
68
68
68
68
68
68
68
68
68
68
68
68
68
68
68
68
68
68
68
68
68
68
68
8D
50
FF
EB
0B
68
68
68
68
68
68
68
68
68
68
68
89
51
0C
EB
13
68
68
68
68
68
68
68
68
68
68
68
68
68
68
68
68
68
68
68
0F
85
1B
01
00
00
23
44
24
20
66
81
C8
4F
1C
D3
C8
D3
E0
66
48
8B
01
0F
B6
10
EB
15
68
68
68
68
68
68
68
68
68
68
68
68
68
68
68
68
68
68
68
68
68
40
66
90
E9
D7
00
00
00
66
BB
2E
5A
4B
02
DB
20
D3
80
C3
D9
8B
D8
80
E8
15
8B
41
3C
03
C1
87
E4
0F
B7
50
14
EB
16
68
68
68
68
68
68
68
68
68
68
68
68
68
68
68
68
68
68
68
68
68
68
6A
02
8A
C9
D3
E6
D3
E6
8B
74
24
14
5E
66
39
70
06
90
89
5D
F4
EB
1A
68
68
68
68
68
68
68
68
68
68
68
68
68
68
68
68
68
68
68
68
68
68
68
68
68
68
E9
7C
01
00
00
D3
CB
D2
E3
66
81
F3
24
1B
66
4B
5B
21
F5
03
E8
5D
E8
43
FB
FF
FF
66
87
DB
90
EB
16
68
68
68
68
68
68
68
68
68
68
68
68
68
68
68
68
68
68
68
68
68
68
90
EB
0A
68
68
68
68
68
68
68
68
68
68
80
3D
F5
43
00
10
01
86
D2
90
EB
1D
68
68
68
68
68
68
68
68
68
68
68
68
68
68
68
68
68
68
68
68
68
68
68
68
68
68
68
68
68
E9
5C
01
00
00
89
51
08
8A
D2
89
01
56
5E
C7
41
0C
07
00
00
00
90
33
54
24
00
03
D3
66
81
EA
E2
7A
8B
51
08
81
C0
55
19
D1
1F
80
F0
A4
8B
C2
E9
5D
01
00
00
23
44
24
00
81
E0
0E
38
7C
42
52
21
E0
0B
44
24
10
66
2B
C3
68
00
00
00
00
03
44
24
10
58
81
C0
1D
00
00
00
03
54
24
14
66
81
E2
2C
47
66
D3
CA
48
85
C0
75
EF
5A
8D
05
64
40
00
10
8B
00
FF
D0
E9
A6
04
00
00
E9
CC
01
00
00
68
68
68
68
68
56
8B
F6
E8
C4
F8
FF
FF
90
8B
40
0C
90
E9
07
F8
FF
FF
85
C0
EB
1E
68
68
68
68
68
68
68
68
68
68
68
68
68
68
68
68
68
68
68
68
68
68
68
68
68
68
68
68
68
68
0F
84
25
00
00
00
68
DB
D3
62
B5
51
59
E8
BF
F8
FF
FF
87
FF
C7
04
24
00
80
00
00
66
8B
D2
6A
00
8A
DB
FF
74
24
0C
90
FF
D0
8B
DB
C2
04
00
EB
11
68
68
68
68
68
68
68
68
68
68
68
68
68
68
68
68
68
68
68
68
68
68
6A
02
66
8B
C9
E9
91
02
00
00
68
68
00
00
00
00
00
00
00
00
00
00
00
89
45
E4
EB
10
68
68
68
68
68
68
68
68
68
68
68
68
68
68
68
68
8D
54
02
18
EB
1D
68
68
68
68
68
68
68
68
68
68
68
68
68
68
68
68
68
68
68
68
68
68
68
68
68
68
68
68
68
89
5D
F0
EB
0B
68
68
68
68
68
68
68
68
68
68
68
E9
48
02
00
00
0F
84
9C
0C
00
00
90
EB
19
68
68
68
68
68
68
68
68
68
68
68
68
68
68
68
68
68
68
68
68
68
68
68
68
68
80
3D
F4
43
00
10
01
8A
C9
E9
60
02
00
00
C1
E8
07
EB
0B
68
68
68
68
68
68
68
68
68
68
68
03
D2
54
5C
83
E0
01
66
8B
DB
89
51
08
90
C3
EB
11
68
68
68
68
68
68
68
68
68
68
68
68
68
68
68
68
68
68
68
68
68
68
8D
4C
24
10
EB
15
68
68
68
68
68
68
68
68
68
68
68
68
68
68
68
68
68
68
68
68
68
E8
2E
F5
FF
FF
87
E4
85
C0
EB
15
68
68
68
68
68
68
68
68
68
68
68
68
68
68
68
68
68
68
68
68
68
0F
84
5C
1A
00
00
E8
08
F5
FF
FF
53
5B
85
C0
EB
10
68
68
68
68
68
68
68
68
68
68
68
68
68
68
68
68
0F
84
CF
11
00
00
E8
E7
F4
FF
FF
67
90
85
C0
EB
10
68
68
68
68
68
68
68
68
68
68
68
68
68
68
68
68
E9
00
02
00
00
57
66
90
83
F7
22
66
8B
C9
64
8B
3D
30
00
00
00
EB
15
68
68
68
68
68
68
68
68
68
68
68
68
68
68
68
68
68
68
68
68
68
E8
94
02
00
00
86
C0
4F
66
87
D2
81
C0
B3
5E
32
0E
40
8B
C7
E9
6B
02
00
00
D3
C7
81
EF
C3
6A
9E
4C
8B
F8
66
40
FE
C8
8B
47
0C
8B
40
1C
90
8B
00
8B
FF
8B
40
08
52
5A
8B
FA
D3
E7
03
7C
24
24
8B
FE
5F
3B
C6
66
8B
C9
5E
EB
10
68
68
68
68
68
68
68
68
68
68
68
68
68
68
68
68
EB
3F
39
4B
E7
03
C6
66
90
2B
FA
8B
78
24
09
EA
FE
C2
66
21
D2
66
4A
8B
50
20
2B
5C
24
18
8B
D9
80
EB
D8
66
8B
DA
8B
58
1C
8B
40
18
87
ED
03
FE
66
87
C0
03
D6
66
87
DB
03
DE
8A
DB
E9
E3
02
00
00
0F
85
1C
00
00
00
33
C0
66
8B
DB
C2
10
00
EB
12
68
68
68
68
68
68
68
68
68
68
68
68
68
68
68
68
68
68
68
46
2F
FF
C5
90
E8
4F
F6
FF
FF
87
C9
66
D3
E9
66
33
CA
8B
CA
80
F1
05
0B
4C
24
1C
59
FF
E0
8B
C9
68
68
68
68
68
33
C0
50
58
E9
44
07
00
00
57
90
8D
45
F8
EB
19
68
68
68
68
68
68
68
68
68
68
68
68
68
68
68
68
68
68
68
68
68
68
68
68
68
50
54
5C
6A
0C
55
5D
6A
0A
87
E4
6A
01
66
87
C0
47
BF
AE
D0
16
AB
E9
B0
02
00
00
D3
E6
46
D3
CE
5E
66
39
70
06
55
5D
E9
98
03
00
00
89
75
F8
EB
0A
68
68
68
68
68
68
68
68
68
68
0F
86
C6
05
00
00
83
C2
60
54
5C
E9
0B
00
00
00
FF
35
E8
43
00
10
D2
C1
2A
C8
59
D3
E6
BE
9A
34
25
3E
8B
32
89
75
E8
66
8B
C9
21
E6
8B
72
FC
03
F1
66
87
DB
E9
F1
03
00
00
0F
84
48
00
00
00
90
EB
0D
68
68
68
68
68
68
68
68
68
68
68
68
68
40
66
09
C8
2A
C0
66
21
C8
8B
05
CC
43
00
10
90
EB
21
68
68
68
68
68
68
68
68
68
68
68
68
68
68
68
68
68
68
68
68
68
68
68
68
68
68
68
68
68
68
68
68
68
E9
18
04
00
00
03
C4
8B
44
24
04
E9
0D
04
00
00
0F
84
D3
07
00
00
6A
04
66
90
33
F6
90
D3
CF
BF
EA
1B
2E
26
5F
8D
4C
24
10
EB
1A
68
68
68
68
68
68
68
68
68
68
68
68
68
68
68
68
68
68
68
68
68
68
68
68
68
68
E8
92
F2
FF
FF
8A
DB
4F
87
C9
8D
34
70
EB
13
68
68
68
68
68
68
68
68
68
68
68
68
68
68
68
68
68
68
68
E9
A8
00
00
00
8D
0C
91
EB
1B
68
68
68
68
68
68
68
68
68
68
68
68
68
68
68
68
68
68
68
68
68
68
68
68
68
68
68
99
EB
1C
68
68
68
68
68
68
68
68
68
68
68
68
68
68
68
68
68
68
68
68
68
68
68
68
68
68
68
68
83
E2
03
90
03
C2
57
5F
56
86
D2
E9
BE
00
00
00
0B
7C
24
18
81
E7
82
4C
3E
14
47
2B
7C
24
18
5F
E9
15
00
00
00
47
8B
D2
C3
EB
0F
68
68
68
68
68
68
68
68
68
68
68
68
68
68
68
0B
7C
24
24
D3
E7
2B
FF
33
F9
D3
EF
5F
8B
ED
4D
D3
CD
81
CD
C6
41
23
09
2B
EC
5D
C3
EB
0C
68
68
68
68
68
68
68
68
68
68
68
68
68
68
68
68
68
0F
85
0B
FF
FF
FF
85
F6
EB
1F
68
68
68
68
68
68
68
68
68
68
68
68
68
68
68
68
68
68
68
68
68
68
68
68
68
68
68
68
68
68
68
8B
44
24
14
EB
12
68
68
68
68
68
68
68
68
68
68
68
68
68
68
68
68
68
68
0F
84
00
04
00
00
8B
4C
24
24
D2
E9
8B
4C
24
14
2B
C6
66
90
8A
00
90
88
01
90
E9
EC
03
00
00
E9
E2
03
00
00
C1
F8
02
EB
11
68
68
68
68
68
68
68
68
68
68
68
68
68
68
68
68
68
33
F6
8B
ED
85
C0
EB
0B
68
68
68
68
68
68
68
68
68
68
68
0F
8E
E2
08
00
00
89
45
FC
86
C9
57
66
90
E9
B6
03
00
00
85
C0
EB
15
68
68
68
68
68
68
68
68
68
68
68
68
68
68
68
68
68
68
68
68
68
89
45
F0
EB
0D
68
68
68
68
68
68
68
68
68
68
68
68
68
0F
8E
EE
08
00
00
66
33
C3
8B
44
24
10
20
C0
80
F0
23
8B
45
FC
8B
0C
82
90
83
65
F4
00
55
5D
03
CE
66
87
C9
8A
01
66
87
D2
E9
35
02
00
00
53
D2
E0
81
E8
70
5C
AD
25
2A
C2
D3
E0
81
C0
DE
7C
CC
47
48
23
44
24
10
8A
C1
0B
44
24
0C
B8
0B
00
00
00
B3
2C
66
03
D8
43
33
DA
48
85
C0
75
F3
5B
02
C2
83
E0
00
03
05
94
40
00
10
FF
D0
85
C0
EB
1B
68
68
68
68
68
68
68
68
68
68
68
68
68
68
68
68
68
68
68
68
68
68
68
68
68
68
68
E9
12
02
00
00
E8
D9
F2
FF
FF
51
59
C7
04
24
04
44
00
10
67
90
FF
D0
53
5B
E9
38
02
00
00
D1
EA
EB
1C
68
68
68
68
68
68
68
68
68
68
68
68
68
68
68
68
68
68
68
68
68
68
68
68
68
68
68
68
85
D2
EB
0A
68
68
68
68
68
68
68
68
68
68
8D
78
08
EB
1D
68
68
68
68
68
68
68
68
68
68
68
68
68
68
68
68
68
68
68
68
68
68
68
68
68
68
68
68
68
0F
8E
1E
04
00
00
89
55
FC
67
90
0F
B7
17
EB
0C
68
68
68
68
68
68
68
68
68
68
68
68
03
DD
D2
CB
8B
DA
66
81
E3
00
F0
67
90
E9
E5
01
00
00
89
5D
F8
EB
20
68
68
68
68
68
68
68
68
68
68
68
68
68
68
68
68
68
68
68
68
68
68
68
68
68
68
68
68
68
68
68
68
89
45
E8
EB
16
68
68
68
68
68
68
68
68
68
68
68
68
68
68
68
68
68
68
68
68
68
68
8D
54
02
18
EB
12
68
68
68
68
68
68
68
68
68
68
68
68
68
68
68
68
68
68
89
5D
F4
EB
1F
68
68
68
68
68
68
68
68
68
68
68
68
68
68
68
68
68
68
68
68
68
68
68
68
68
68
68
68
68
68
68
89
75
FC
EB
1B
68
68
68
68
68
68
68
68
68
68
68
68
68
68
68
68
68
68
68
68
68
68
68
68
68
68
68
E9
67
01
00
00
89
75
EC
8B
C9
66
D3
C9
66
49
23
4C
24
18
D2
C1
80
E9
0A
8B
4D
E8
81
EE
1A
00
D6
14
D3
E6
8B
74
24
0C
8B
75
EC
D3
CF
09
FF
2B
7C
24
08
33
FC
03
FF
8B
7D
F0
F3
A4
EB
18
68
68
68
68
68
68
68
68
68
68
68
68
68
68
68
68
68
68
68
68
68
68
68
68
03
1A
67
90
0F
B7
48
06
EB
16
68
68
68
68
68
68
68
68
68
68
68
68
68
68
68
68
68
68
68
68
68
68
E9
02
01
00
00
60
EB
1E
68
68
68
68
68
68
68
68
68
68
68
68
68
68
68
68
68
68
68
68
68
68
68
68
68
68
68
68
68
68
E9
DD
F1
FF
FF
84
C0
EB
1C
68
68
68
68
68
68
68
68
68
68
68
68
68
68
68
68
68
68
68
68
68
68
68
68
68
68
68
68
0F
84
3B
04
00
00
89
4D
F8
66
87
DB
66
81
C9
40
34
D3
C9
D3
E9
09
C1
8B
4D
F4
E9
2E
01
00
00
0F
84
0B
00
00
00
6A
0A
50
58
81
C7
16
70
6A
22
5F
57
66
87
C0
08
C8
D2
E8
81
F0
00
37
A3
29
D3
C8
2A
C2
8B
C6
E8
A2
F0
FF
FF
66
87
D2
80
C1
14
02
C8
20
C1
59
FF
75
0C
8B
E4
E9
86
01
00
00
68
9A
9C
04
E0
8B
ED
09
D6
BE
D1
7D
EF
55
81
CE
28
65
B6
6A
D3
CE
8B
F0
E8
70
F0
FF
FF
66
87
D2
D3
CF
8B
FE
8B
F8
E9
B5
01
00
00
66
81
FB
00
30
86
DB
0F
85
DD
01
00
00
81
E2
FF
0F
00
00
8B
C9
03
10
66
90
03
CA
66
87
D2
E9
B6
01
00
00
0F
86
D4
06
00
00
83
C2
60
8A
C0
E9
ED
01
00
00
FF
45
F8
66
8B
D2
83
C2
28
90
39
4D
F8
66
8B
C9
89
5D
F0
EB
10
68
68
68
68
68
68
68
68
68
68
68
68
68
68
68
68
0F
8C
44
FA
FF
FF
FF
35
E0
43
00
10
66
81
E8
B5
55
58
E9
F4
01
00
00
C6
00
00
86
C0
FF
44
24
14
8B
C0
E9
79
02
00
00
4F
81
EF
4B
18
0D
74
2B
F9
D3
EF
8B
7C
24
1C
8B
7D
08
85
FF
EB
1D
68
68
68
68
68
68
68
68
68
68
68
68
68
68
68
68
68
68
68
68
68
68
68
68
68
68
68
68
68
0F
8E
D9
02
00
00
D3
EA
66
21
D2
8B
11
E9
58
ED
FF
FF
0F
BE
C0
EB
1F
68
68
68
68
68
68
68
68
68
68
68
68
68
68
68
68
68
68
68
68
68
68
68
68
68
68
68
68
68
68
68
C1
C1
03
EB
16
68
68
68
68
68
68
68
68
68
68
68
68
68
68
68
68
68
68
68
68
68
68
33
C8
90
FF
45
F8
87
FF
0B
44
24
14
D2
E0
66
D3
C8
66
81
E0
9B
1D
8B
45
F8
8A
00
66
90
84
C0
EB
0F
68
68
68
68
68
68
68
68
68
68
68
68
68
68
68
89
4D
F4
EB
1E
68
68
68
68
68
68
68
68
68
68
68
68
68
68
68
68
68
68
68
68
68
68
68
68
68
68
68
68
68
68
E9
57
02
00
00
68
00
10
00
00
66
87
D2
FF
75
08
66
90
6A
00
67
90
FF
D0
8B
C0
33
7C
24
18
81
E7
E5
08
9E
15
5F
8B
F7
81
E6
AA
3F
CE
7C
5E
C9
EB
18
68
68
68
68
68
68
68
68
68
68
68
68
68
68
68
68
68
68
68
68
68
68
68
68
C2
08
00
EB
0C
68
68
68
68
68
68
68
68
68
68
68
68
68
68
68
68
68
66
81
F0
63
42
B8
FC
3B
7A
22
2B
C7
D3
E8
8B
C6
C7
04
24
63
A5
04
00
67
90
E8
8F
EE
FF
FF
90
E9
08
02
00
00
01
31
86
C9
FF
35
EC
43
00
10
09
F9
03
4C
24
0C
59
47
66
87
C0
47
90
FF
4D
FC
EB
16
68
68
68
68
68
68
68
68
68
68
68
68
68
68
68
68
68
68
68
68
68
68
0F
85
E7
FB
FF
FF
03
40
04
8A
C0
83
38
00
87
DB
E9
E6
01
00
00
E9
0A
00
00
00
FF
35
E8
43
00
10
66
D3
E9
59
81
E6
74
7C
D5
4B
81
CE
93
1C
2F
3C
8B
32
89
75
EC
86
DB
BE
BF
0F
AB
73
8B
72
FC
03
F1
66
87
D2
89
75
F0
86
D2
66
2B
C9
D2
E9
2B
CE
8B
4D
EC
E9
BC
01
00
00
FF
35
D8
43
00
10
66
87
DB
8B
54
24
1C
66
81
EA
71
3E
66
03
D1
80
EA
B8
83
E2
00
81
C2
00
00
00
00
81
C2
00
00
00
00
03
15
D4
43
00
10
E9
F9
01
00
00
50
66
87
DB
E8
DA
EF
FF
FF
66
8B
D2
83
C4
04
87
C9
53
8F
05
E8
43
00
10
C6
05
F5
43
00
10
01
86
C0
C7
05
C4
43
00
10
01
00
00
00
86
D2
E8
CB
EF
FF
FF
90
61
EB
20
68
68
68
68
68
68
68
68
68
68
68
68
68
68
68
68
68
68
68
68
68
68
68
68
68
68
68
68
68
68
68
68
FF
25
F0
43
00
10
8B
ED
E9
E5
01
00
00
E9
63
11
00
00
08
D0
66
D3
C0
8B
44
24
10
0F
B6
08
EB
18
68
68
68
68
68
68
68
68
68
68
68
68
68
68
68
68
68
68
68
68
68
68
68
68
FF
44
24
10
66
87
C0
33
D2
8B
E4
42
66
8B
D2
03
44
24
1C
8B
C1
23
C2
67
90
90
90
90
90
90
40
66
87
D2
40
8B
E4
D1
E9
EB
11
68
68
68
68
68
68
68
68
68
68
68
68
68
68
68
68
68
0F
84
E4
05
00
00
E9
0C
02
00
00
2B
D3
66
90
4F
EB
18
68
68
68
68
68
68
68
68
68
68
68
68
68
68
68
68
68
68
68
68
68
68
68
68
0F
85
8F
EA
FF
FF
89
11
87
C9
83
E9
04
86
D2
FF
4D
FC
EB
0C
68
68
68
68
68
68
68
68
68
68
68
68
0F
85
D2
FC
FF
FF
E9
DB
01
00
00
0F
85
CB
FB
FF
FF
66
21
D8
80
E8
EB
8B
45
F4
3B
45
08
87
F6
0F
84
26
02
00
00
FF
45
FC
67
90
08
C0
B0
34
8B
44
24
00
8B
45
FC
E9
FC
01
00
00
33
4C
24
18
66
41
81
C9
08
6A
AC
75
59
81
C6
CA
77
A8
09
21
F6
BE
FB
41
80
1B
2B
F2
D3
E6
8B
F0
E9
25
02
00
00
0F
85
4F
EE
FF
FF
66
81
EB
5A
65
2A
D9
5B
66
03
C0
8B
41
3C
E9
74
02
00
00
D3
CE
D3
C6
D3
CE
2B
F2
BE
A3
3D
84
27
8B
75
F0
D3
CF
BF
66
73
04
4F
2B
7C
24
04
8B
F8
D3
E7
8B
7D
F4
F3
A4
EB
0E
68
68
68
68
68
68
68
68
68
68
68
68
68
68
03
1A
8A
D2
0F
B7
48
06
EB
21
68
68
68
68
68
68
68
68
68
68
68
68
68
68
68
68
68
68
68
68
68
68
68
68
68
68
68
68
68
68
68
68
68
FF
45
FC
66
8B
D2
83
C2
28
8B
F6
E9
53
02
00
00
09
F9
8B
C8
D2
C9
80
E9
2E
81
C9
E5
3B
AD
43
8B
4D
F4
83
C0
FC
8A
C9
E8
14
EB
FF
FF
66
8B
DB
66
33
CA
03
CA
59
6A
04
90
FF
35
D0
43
00
10
8B
FF
E8
7F
EC
FF
FF
90
09
D3
66
81
CB
2E
72
20
CB
D2
EB
02
D9
8B
D8
2B
C4
8B
45
F4
E9
60
02
00
00
60
EB
21
68
68
68
68
68
68
68
68
68
68
68
68
68
68
68
68
68
68
68
68
68
68
68
68
68
68
68
68
68
68
68
68
68
E8
38
F0
FF
FF
66
90
61
EB
1A
68
68
68
68
68
68
68
68
68
68
68
68
68
68
68
68
68
68
68
68
68
68
68
68
68
68
FF
25
C8
43
00
10
90
E8
C5
F2
FF
FF
8B
C0
D2
E8
D3
C8
83
E0
00
81
C0
82
1A
00
10
68
82
1A
00
10
80
F0
1E
81
C8
9C
0C
41
76
58
E8
AE
F2
FF
FF
8B
C9
C3
EB
16
68
68
68
68
68
68
68
68
68
68
68
68
68
68
68
68
68
68
68
68
68
68
68
68
68
68
68
85
C0
EB
10
68
68
68
68
68
68
68
68
68
68
68
68
68
68
68
68
E9
1C
02
00
00
81
F7
A3
5C
97
50
8B
FA
81
E7
82
3A
02
26
D3
E7
5F
85
C0
EB
14
68
68
68
68
68
68
68
68
68
68
68
68
68
68
68
68
68
68
68
68
8B
4D
F8
EB
1D
68
68
68
68
68
68
68
68
68
68
68
68
68
68
68
68
68
68
68
68
68
68
68
68
68
68
68
68
68
E9
17
02
00
00
3B
45
F0
87
FF
0F
8C
12
F7
FF
FF
33
C0
66
87
DB
E9
3B
02
00
00
FE
C8
8B
45
FC
0F
B7
04
47
EB
21
68
68
68
68
68
68
68
68
68
68
68
68
68
68
68
68
68
68
68
68
68
68
68
68
68
68
68
68
68
68
68
68
68
8B
04
83
8B
C9
03
C6
90
E9
02
02
00
00
FF
D7
90
50
67
90
FF
D6
90
8B
7C
24
1C
81
F7
4A
60
5A
1A
BF
2B
27
3C
17
2B
FC
8B
F8
8D
45
F8
EB
20
68
68
68
68
68
68
68
68
68
68
68
68
68
68
68
68
68
68
68
68
68
68
68
68
68
68
68
68
68
68
68
68
50
66
87
D2
6A
04
86
D2
6A
3C
87
C9
68
C8
43
00
10
23
74
24
1C
8B
F6
D3
CE
D3
E6
81
E6
06
39
1E
21
5E
E9
DB
01
00
00
8B
44
08
28
67
90
03
C1
8B
C0
D3
CF
D3
CF
03
F9
81
CF
37
18
82
5D
03
FE
5F
50
8F
05
F0
43
00
10
2B
74
24
24
5E
C9
EB
0E
68
68
68
68
68
68
68
68
68
68
68
68
68
68
C3
EB
10
68
68
68
68
68
68
68
68
68
68
68
68
68
68
68
68
68
68
68
68
68
39
4D
FC
66
90
89
5D
F4
EB
0C
68
68
68
68
68
68
68
68
68
68
68
68
0F
8C
28
FB
FF
FF
FF
35
E0
43
00
10
02
C0
B8
8E
00
5F
7D
80
F0
5D
66
D3
C8
80
F0
B1
58
FF
35
D8
43
00
10
86
C9
20
C2
83
E2
00
03
15
D4
43
00
10
B1
EB
8B
4D
F8
83
C0
FC
66
90
E8
88
E8
FF
FF
8B
C9
E9
E3
E8
FF
FF
89
5D
E8
54
5C
E8
F9
E6
FF
FF
51
59
89
45
EC
87
DB
03
C9
66
21
C1
D3
C9
08
D1
8B
4D
EC
D3
CE
8B
F4
81
E6
C0
21
C0
47
81
EE
5F
78
2C
01
2B
74
24
04
8B
75
E8
09
D7
BF
26
22
46
1B
81
C7
F7
17
5F
7B
8B
3D
E8
43
00
10
F3
A4
EB
16
68
68
68
68
68
68
68
68
68
68
68
68
68
68
68
68
68
68
68
68
68
68
FF
75
F4
66
87
DB
E9
D5
00
00
00
0F
84
9D
01
00
00
02
D2
66
81
CA
B5
08
80
C2
DE
8B
54
24
14
21
DE
D3
C6
8B
74
24
14
2B
D1
66
90
8A
12
8B
C0
FF
44
24
14
8A
C9
48
66
8B
DB
88
16
EB
14
68
68
68
68
68
68
68
68
68
68
68
68
68
68
68
68
68
68
68
68
E9
48
01
00
00
0F
8E
63
01
00
00
8B
D1
2B
D7
8B
D0
03
31
67
90
83
C1
04
66
87
C0
4A
EB
15
68
68
68
68
68
68
68
68
68
68
68
68
68
68
68
68
68
68
68
68
68
0F
85
D8
FF
FF
FF
E9
30
01
00
00
D3
C7
5F
0B
74
24
04
09
FE
5E
81
E3
02
60
C7
50
FE
CB
8B
5C
24
00
81
F3
D8
6A
6A
4C
66
09
CB
5B
C9
EB
0B
68
68
68
68
68
68
68
68
68
68
68
C3
EB
0B
68
68
68
68
68
68
68
68
68
68
68
68
68
68
68
68
56
8A
D2
E8
89
E8
FF
FF
66
8B
C0
EB
4C
4A
45
4D
E8
18
E9
FF
FF
86
D2
53
90
E8
0F
E9
FF
FF
87
C0
D3
EF
81
E7
CA
6D
D8
16
D3
C7
8B
7D
E4
20
C0
D3
E0
33
44
24
14
08
C8
8B
87
A0
00
00
00
85
C0
EB
13
68
68
68
68
68
68
68
68
68
68
68
68
68
68
68
68
68
68
68
EB
4A
47
53
D6
6A
0F
67
90
66
D3
C3
80
F3
FC
5B
81
C8
B8
16
25
76
2B
44
24
18
8B
05
C0
43
00
10
31
06
67
90
E9
37
01
00
00
6A
04
86
DB
FF
35
D0
43
00
10
54
5C
E8
46
E8
FF
FF
8B
ED
80
E3
FE
08
C3
8B
5C
24
10
8B
D8
E9
56
01
00
00
0F
84
E8
04
00
00
FF
35
E8
43
00
10
D3
C2
32
D1
5A
81
EE
D8
1C
DD
45
33
F1
33
F2
81
F6
0B
13
1B
0E
09
C6
8B
F2
03
C2
86
D2
E9
5A
01
00
00
0F
85
6D
FE
FF
FF
E9
05
00
00
00
89
54
24
0C
90
89
4C
24
08
66
8B
D2
E9
62
09
00
00
E9
76
01
00
00
85
C0
EB
10
68
68
68
68
68
68
68
68
68
68
68
68
68
68
68
68
8B
4D
F8
EB
1A
68
68
68
68
68
68
68
68
68
68
68
68
68
68
68
68
68
68
68
68
68
68
68
68
68
68
0F
8E
58
00
00
00
D1
CE
EB
1E
68
68
68
68
68
68
68
68
68
68
68
68
68
68
68
68
68
68
68
68
68
68
68
68
68
68
68
68
68
68
90
90
90
90
90
31
31
66
8B
DB
83
C1
04
90
48
EB
1F
68
68
68
68
68
68
68
68
68
68
68
68
68
68
68
68
68
68
68
68
68
68
68
68
68
68
68
68
68
68
68
0F
85
A8
FF
FF
FF
D3
CE
D3
EE
33
F1
33
F0
5E
FE
C3
8A
D9
5B
C9
EB
0A
68
68
68
68
68
68
68
68
68
68
C3
EB
11
68
68
68
68
68
68
68
68
68
68
68
68
68
68
68
68
68
68
68
68
68
68
6A
02
67
90
57
8A
DB
68
64
40
00
10
66
81
E0
C4
0B
D2
C8
52
66
33
C2
68
19
00
00
00
66
40
66
2B
C0
81
E8
C1
25
79
6F
8B
44
24
10
58
66
D3
CA
BA
EA
28
E5
59
48
85
C0
75
F3
5A
58
FF
10
E9
A0
00
00
00
66
33
C1
66
2B
C3
8B
45
F8
89
5D
EC
8B
C0
E8
C9
E3
FF
FF
57
5F
89
45
F0
8B
F6
0B
4C
24
24
8B
4D
F0
4E
21
FE
81
CE
91
73
14
5C
8B
75
EC
E9
DC
00
00
00
2B
35
CC
43
00
10
66
90
E9
4E
03
00
00
66
81
C9
BF
7E
02
C9
8B
48
04
83
E9
08
66
87
D2
D1
E9
EB
17
68
68
68
68
68
68
68
68
68
68
68
68
68
68
68
68
68
68
68
68
68
68
68
E9
C6
00
00
00
E8
4F
E3
FF
FF
90
85
F6
EB
16
68
68
68
68
68
68
68
68
68
68
68
68
68
68
68
68
68
68
68
68
68
68
0F
85
A4
02
00
00
83
F8
02
66
8B
C9
E9
17
01
00
00
83
F8
01
86
C9
0F
85
29
00
00
00
D1
0D
C0
43
00
10
EB
21
68
68
68
68
68
68
68
68
68
68
68
68
68
68
68
68
68
68
68
68
68
68
68
68
68
68
68
68
68
68
68
68
68
83
C6
04
87
E4
4B
EB
0C
68
68
68
68
68
68
68
68
68
68
68
68
0F
85
80
FD
FF
FF
33
F8
81
EF
92
14
46
17
5F
81
C6
BF
6A
E6
53
D3
EE
BE
29
56
EE
62
D3
C6
D3
C6
5E
E9
EA
00
00
00
FF
35
E8
43
00
10
D3
EF
81
E7
8B
2A
C9
49
47
5F
F3
A4
EB
0E
68
68
68
68
68
68
68
68
68
68
68
68
68
68
E9
04
01
00
00
85
C9
EB
21
68
68
68
68
68
68
68
68
68
68
68
68
68
68
68
68
68
68
68
68
68
68
68
68
68
68
68
68
68
68
68
68
68
8D
58
08
EB
16
68
68
68
68
68
68
68
68
68
68
68
68
68
68
68
68
68
68
68
68
68
68
89
5D
F4
EB
10
68
68
68
68
68
68
68
68
68
68
68
68
68
68
68
68
0F
8E
F7
01
00
00
89
4D
F0
86
C0
66
09
D1
8B
4D
F4
0F
B7
09
EB
12
68
68
68
68
68
68
68
68
68
68
68
68
68
68
68
68
68
68
E9
A3
00
00
00
0F
85
73
01
00
00
8D
4C
24
10
EB
14
68
68
68
68
68
68
68
68
68
68
68
68
68
68
68
68
68
68
68
68
E8
E7
E1
FF
FF
90
85
C0
EB
12
68
68
68
68
68
68
68
68
68
68
68
68
68
68
68
68
68
68
E9
90
00
00
00
FE
C3
2A
DB
5B
C9
EB
1C
68
68
68
68
68
68
68
68
68
68
68
68
68
68
68
68
68
68
68
68
68
68
68
68
68
68
68
68
C3
EB
15
68
68
68
68
68
68
68
68
68
68
68
68
68
68
68
68
68
68
68
68
68
68
68
68
68
68
FF
75
F8
87
E4
E8
F4
E4
FF
FF
87
C0
53
8B
E4
E8
EA
E4
FF
FF
66
87
DB
D3
C7
8B
7D
E8
EB
53
7D
86
4A
80
CB
21
8B
D9
66
81
E3
00
F0
8A
C0
66
81
FB
00
30
66
90
0F
85
EE
00
00
00
81
E1
FF
0F
00
00
66
8B
C0
03
08
56
5E
03
CA
90
EB
4D
84
47
48
0F
84
C8
05
00
00
D2
E9
66
81
F1
9D
12
66
D3
C1
80
E1
06
8B
4C
24
14
2B
4C
24
08
56
5E
EB
47
3C
9C
42
66
8B
C0
8B
87
A0
00
00
00
85
C0
EB
16
68
68
68
68
68
68
68
68
68
68
68
68
68
68
68
68
68
68
68
68
68
68
EB
76
4F
81
9A
01
31
66
8B
DB
BA
6B
32
CD
40
D3
E2
2A
D2
66
09
D2
8B
15
E8
43
00
10
EB
76
59
1A
6C
32
D1
FE
CA
8B
54
24
14
8A
09
87
C0
FF
44
24
14
8B
FF
48
87
D2
88
0A
EB
19
68
68
68
68
68
68
68
68
68
68
68
68
68
68
68
68
68
68
68
68
68
68
68
68
68
0F
85
68
FF
FF
FF
E9
2B
05
00
00
90
90
90
90
90
83
E8
03
90
E9
18
01
00
00
48
66
8B
C0
48
8B
D2
E9
0C
01
00
00
0F
84
A3
03
00
00
BA
B1
44
24
1B
80
CA
C1
83
E2
00
03
15
E8
43
00
10
EB
47
EE
07
B1
83
45
F4
02
90
FF
4D
F0
EB
16
68
68
68
68
68
68
68
68
68
68
68
68
68
68
68
68
68
68
68
68
68
68
0F
85
0E
FE
FF
FF
03
40
04
66
87
C9
83
38
00
87
C0
0F
85
A7
FC
FF
FF
E8
28
E2
FF
FF
66
8B
C9
E9
80
00
00
00
33
F6
33
74
24
04
8B
F2
03
C2
86
DB
2B
35
CC
43
00
10
66
87
DB
E9
23
03
00
00
66
B9
92
6B
D3
C9
D2
E1
8B
4C
24
04
8B
48
04
83
E9
08
51
59
D1
E9
EB
18
68
68
68
68
68
68
68
68
68
68
68
68
68
68
68
68
68
68
68
68
68
68
68
68
85
C9
EB
1D
68
68
68
68
68
68
68
68
68
68
68
68
68
68
68
68
68
68
68
68
68
68
68
68
68
68
68
68
68
8D
58
08
EB
0B
68
68
68
68
68
68
68
68
68
68
68
EB
7A
43
87
BF
8B
40
0C
90
8B
40
1C
50
58
8B
00
87
D2
D3
C6
09
EE
81
C6
9D
45
46
59
81
F6
CA
63
3B
69
8B
70
08
68
84
9B
50
F2
55
5D
EB
7B
62
AE
76
81
F1
5A
35
57
44
66
21
D9
66
81
C9
DC
3D
8B
4C
24
10
0F
B6
09
EB
11
68
68
68
68
68
68
68
68
68
68
68
68
68
68
68
68
68
90
90
90
90
90
C1
E0
08
EB
0F
68
68
68
68
68
68
68
68
68
68
68
68
68
68
68
03
C1
66
87
D2
E9
D9
00
00
00
89
5D
F8
EB
1D
68
68
68
68
68
68
68
68
68
68
68
68
68
68
68
68
68
68
68
68
68
68
68
68
68
68
68
68
68
0F
8E
19
02
00
00
EB
42
3D
C2
E3
D2
C0
FE
C0
66
D3
E8
66
48
66
8B
C2
8B
C6
E8
22
E1
FF
FF
67
90
83
65
FC
00
66
8B
D2
8B
4C
24
10
66
41
D3
E1
81
E1
78
44
7D
0B
80
C9
99
59
89
45
F4
67
90
68
A1
F9
12
A4
8A
C9
EB
38
8A
B9
DB
89
4D
F4
52
5A
B1
10
8B
4D
F8
0F
B7
09
EB
21
68
68
68
68
68
68
68
68
68
68
68
68
68
68
68
68
68
68
68
68
68
68
68
68
68
68
68
68
68
68
68
68
68
E9
7D
00
00
00
66
B8
08
4D
02
C2
B8
A3
2A
45
60
D2
C0
03
44
24
14
58
05
E8
03
00
00
87
C0
50
66
87
C0
8F
45
FC
66
90
FF
75
FC
66
8B
C0
8B
C6
8B
C6
E8
90
E0
FF
FF
66
90
EB
7C
97
70
69
FF
44
24
10
8B
ED
8D
4C
24
10
EB
0B
68
68
68
68
68
68
68
68
68
68
68
81
EE
29
3B
FD
07
8B
F0
E8
2A
DE
FF
FF
86
C0
81
FE
00
7D
00
00
66
87
C9
0F
82
03
00
00
00
40
66
90
81
FE
00
05
00
00
67
90
EB
4F
2F
3C
49
66
D3
C3
80
CB
D8
66
2B
D9
8B
D9
66
81
E3
00
F0
90
66
81
FB
00
30
66
87
C9
0F
85
9C
00
00
00
81
E1
FF
0F
00
00
8B
DB
03
08
8B
ED
03
CA
86
C9
EB
76
60
7D
DF
80
C3
81
66
03
DB
66
81
E3
D6
44
FE
CB
8B
9F
80
00
00
00
EB
7D
DE
91
B5
0F
82
03
00
00
00
40
57
5F
81
FE
80
00
00
00
90
0F
83
0C
00
00
00
90
90
90
90
90
40
8B
C0
40
66
8B
C0
85
C0
EB
12
68
68
68
68
68
68
68
68
68
68
68
68
68
68
68
68
68
68
0F
84
88
01
00
00
33
4C
24
24
80
C9
72
66
D3
C1
8B
4C
24
14
81
C2
2A
0E
14
39
8B
54
24
14
E9
E4
00
00
00
01
31
90
FF
35
E8
43
00
10
D2
EA
81
C2
69
0D
E9
1D
33
D7
5A
83
45
F8
02
86
C0
EB
49
3A
92
84
85
DB
EB
15
68
68
68
68
68
68
68
68
68
68
68
68
68
68
68
68
68
68
68
68
68
59
EB
0B
68
68
68
68
68
68
68
68
68
68
68
89
45
E4
EB
15
68
68
68
68
68
68
68
68
68
68
68
68
68
68
68
68
68
68
68
68
68
EB
41
43
94
DF
FF
4D
F4
EB
0C
68
68
68
68
68
68
68
68
68
68
68
68
0F
85
30
FE
FF
FF
03
40
04
8A
D2
83
38
00
66
87
C9
0F
85
D1
FC
FF
FF
E8
D2
DE
FF
FF
66
87
C9
8B
40
0C
8B
C0
8B
40
1C
90
EB
57
2E
60
25
0F
84
98
04
00
00
03
C5
66
21
C8
D2
E8
33
44
24
20
B8
00
00
00
00
03
05
E8
43
00
10
03
D8
53
5B
E9
39
04
00
00
D2
E8
8B
43
0C
03
05
E8
43
00
10
66
8B
DB
50
51
59
FF
55
E4
66
87
C0
EB
3E
B5
C3
DB
2B
CE
90
8A
09
87
C0
FF
44
24
14
66
87
C0
EB
58
76
1F
05
8B
00
66
8B
DB
33
F4
33
F7
BE
52
55
C5
6F
0B
74
24
20
81
F6
B1
58
9B
55
8B
70
08
68
84
9B
50
F2
66
87
D2
EB
5B
F7
91
3F
83
F8
FF
66
90
89
45
F0
EB
1E
68
68
68
68
68
68
68
68
68
68
68
68
68
68
68
68
68
68
68
68
68
68
68
68
68
68
68
68
68
68
EB
43
FB
D6
42
48
54
5C
88
0A
EB
12
68
68
68
68
68
68
68
68
68
68
68
68
68
68
68
68
68
68
0F
85
78
FE
FF
FF
89
74
24
08
66
8B
DB
E9
7E
00
00
00
33
C6
81
C8
DB
63
C0
6F
33
C6
03
44
24
08
8B
C6
EB
7E
B0
20
FE
0F
84
69
03
00
00
21
EF
4F
47
D3
E7
81
F7
51
7A
0C
2E
8B
3B
85
FF
EB
14
68
68
68
68
68
68
68
68
68
68
68
68
68
68
68
68
68
68
68
68
0F
85
09
00
00
00
81
CF
3A
38
02
16
8B
7B
10
66
D3
E0
80
C8
D1
D2
C0
66
81
F0
6A
7A
66
81
C0
DD
0F
8B
05
E8
43
00
10
81
F6
A1
56
55
30
21
EE
81
EE
2E
59
B8
30
8B
73
10
EB
4F
F3
2C
10
33
F6
8A
C9
46
66
8B
C0
E9
9D
01
00
00
EB
76
5E
25
8B
E8
91
DD
FF
FF
55
5D
89
45
F8
66
90
68
A1
F9
12
A4
90
66
21
D0
66
D3
E8
66
D3
E8
66
D3
E0
81
C8
11
79
AD
48
8B
C6
E8
6B
DD
FF
FF
8A
DB
D2
CB
8B
9F
80
00
00
00
EB
56
85
77
3E
03
F8
87
FF
03
F0
90
E9
FE
01
00
00
0F
89
AB
00
00
00
0F
B7
07
EB
1D
68
68
68
68
68
68
68
68
68
68
68
68
68
68
68
68
68
68
68
68
68
68
68
68
68
68
68
68
68
E9
7F
00
00
00
08
D8
33
C1
B8
65
0E
49
68
66
2B
C2
66
81
C0
A2
0C
8B
44
24
10
E9
90
00
00
00
85
DB
EB
1E
68
68
68
68
68
68
68
68
68
68
68
68
68
68
68
68
68
68
68
68
68
68
68
68
68
68
68
68
68
68
59
EB
17
68
68
68
68
68
68
68
68
68
68
68
68
68
68
68
68
68
68
68
68
68
68
68
59
EB
21
68
68
68
68
68
68
68
68
68
68
68
68
68
68
68
68
68
68
68
68
68
68
68
68
68
68
68
68
68
68
68
68
68
EB
39
83
9A
92
E9
C5
00
00
00
68
00
00
00
00
33
C8
B9
EE
53
5D
2F
81
F1
D9
68
4E
74
D2
C1
59
81
C1
00
00
00
00
03
0D
E8
43
00
10
EB
5C
6D
2B
9F
D2
C9
8B
4C
24
14
EB
5A
97
6F
DF
89
45
E8
EB
1A
68
68
68
68
68
68
68
68
68
68
68
68
68
68
68
68
68
68
68
68
68
68
68
68
68
68
0F
84
4D
03
00
00
FF
35
E8
43
00
10
66
81
E8
75
43
58
03
D8
66
8B
DB
E9
25
03
00
00
23
44
24
04
2B
C0
66
81
E0
37
0F
8B
43
0C
EB
37
1F
87
D5
03
C1
8A
C9
EB
3B
AC
F6
B9
8A
00
67
90
FF
44
24
14
66
87
C0
FF
44
24
10
67
90
88
01
87
C9
33
F6
87
DB
83
7C
24
0C
00
8B
D2
0F
84
31
E4
FF
FF
EB
23
D3
9A
11
03
05
E8
43
00
10
52
5A
EB
6D
4C
F1
52
83
C0
02
66
90
50
66
87
D2
FF
75
F0
8B
E4
EB
67
BA
4B
8A
02
C3
2A
C0
8B
44
24
10
81
C8
95
76
CA
3B
D2
C0
8B
44
24
14
D3
E7
03
FF
21
D7
33
F8
33
FE
5F
2B
C3
66
87
C0
81
EE
E9
01
24
27
D3
C6
5E
D3
E4
4C
8B
E5
8B
E9
21
FD
8B
E9
81
F5
77
43
59
74
5D
C3
EB
10
68
68
68
68
68
68
68
68
68
68
68
68
68
68
68
68
68
68
68
68
68
50
67
90
FF
55
E8
55
5D
EB
53
EF
CA
56
FF
55
F4
66
90
89
06
57
5F
83
C7
04
90
83
C6
04
90
90
90
90
90
90
B8
C2
12
7C
00
66
2B
C1
66
48
66
D3
C0
81
C0
E8
1C
F6
57
8B
07
85
C0
EB
16
68
68
68
68
68
68
68
68
68
68
68
68
68
68
68
68
68
68
68
68
68
68
0F
85
CD
FD
FF
FF
EB
79
E9
AD
2B
83
F8
FF
8A
C0
89
45
F4
EB
1E
68
68
68
68
68
68
68
68
68
68
68
68
68
68
68
68
68
68
68
68
68
68
68
68
68
68
68
68
68
68
0F
84
D7
01
00
00
03
FB
81
EF
F3
01
90
12
23
7C
24
18
81
CF
1B
39
05
46
2B
FE
8B
3B
90
90
90
90
90
85
FF
EB
19
68
68
68
68
68
68
68
68
68
68
68
68
68
68
68
68
68
68
68
68
68
68
68
68
68
0F
85
1A
00
00
00
D3
EF
8B
7B
10
EB
13
D0
B8
ED
83
C3
14
66
87
C0
83
7B
10
00
90
EB
33
02
7A
4A
03
C3
66
D3
E8
B0
15
2B
44
24
08
83
E0
00
03
05
E8
43
00
10
81
EE
3E
48
80
18
81
CE
07
09
86
00
81
C6
FE
30
DD
63
D3
EE
8B
73
10
EB
39
B6
91
08
0F
85
87
FB
FF
FF
E8
1E
DA
FF
FF
66
90
8B
40
0C
90
81
C1
DE
0F
CC
63
8A
CA
8B
48
0C
81
C0
C3
3E
AE
73
66
D3
E0
8A
C2
8B
05
E8
43
00
10
8B
09
53
5B
EB
48
A6
DD
44
03
F8
8A
D2
03
F0
86
C9
E9
E1
00
00
00
0F
89
18
00
00
00
0F
B7
07
EB
0E
68
68
68
68
68
68
68
68
68
68
68
68
68
68
E9
A9
00
00
00
FE
C1
80
F1
28
66
D3
C9
83
E1
00
03
0D
E8
43
00
10
03
C1
8B
DB
EB
40
78
D9
15
39
41
18
67
90
0F
85
A7
FF
FF
FF
03
D2
D3
CA
09
C2
81
E2
C3
61
CD
72
8B
15
C8
43
00
10
03
D0
87
E4
4F
5F
89
51
1C
57
5F
2B
C3
8B
05
E8
43
00
10
01
05
C8
43
00
10
67
90
EB
0C
16
FB
EE
83
C0
02
90
EB
4C
F9
76
B5
4E
5E
8B
5C
24
08
66
D3
C3
0B
5C
24
20
5B
C9
EB
21
68
68
68
68
68
68
68
68
68
68
68
68
68
68
68
68
68
68
68
68
68
68
68
68
68
68
68
68
68
68
68
68
68
C3
EB
0F
68
68
68
68
68
68
68
68
68
68
68
68
68
68
68
68
68
68
68
68
50
8B
FF
FF
75
F4
90
FF
55
F8
86
DB
89
06
66
90
83
C7
04
8A
D2
83
C6
04
67
90
80
C0
D6
2B
C5
66
8B
C1
8B
07
90
90
90
90
90
85
C0
EB
0D
68
68
68
68
68
68
68
68
68
68
68
68
68
90
90
90
90
90
0F
85
F4
FE
FF
FF
83
C3
14
8A
D2
83
7B
10
00
66
8B
D2
90
90
90
90
90
0F
85
C9
FC
FF
FF
E8
BE
D8
FF
FF
87
FF
90
90
90
90
90
8B
40
0C
87
E4
08
D1
8B
48
0C
66
81
F0
BA
4B
66
81
F0
60
03
80
E8
7F
66
D3
E8
66
D3
C0
83
E0
00
81
C0
00
00
00
00
03
05
E8
43
00
10
03
FF
81
CF
31
79
13
1F
03
F8
5F
4E
46
03
74
24
00
81
F6
9A
6B
BA
45
5E
D3
CB
66
D3
EB
BB
2E
24
09
54
66
09
D3
5B
8B
09
8B
F6
39
41
18
8A
C9
0F
85
F1
FF
FF
FF
90
90
90
90
90
D3
EA
8B
D1
8B
15
C8
43
00
10
03
D0
66
87
DB
89
51
1C
66
90
FF
35
E8
43
00
10
33
C5
66
81
E0
CD
05
8A
C1
66
D3
E0
58
01
05
C8
43
00
10
8A
C0
C9
EB
0D
68
68
68
68
68
68
68
68
68
68
68
68
68
C3
EB
0B
68
68
68
68
68
68
68
68
68
68
68
68
68
68
68
68
00
00
00
00
00
00
00
00
00
00
00
00
00
00
00
00
00
00
00
00
00
00
00
00
00
00
00
00
00
00
00
00
00
00
00
00
00
00
00
00
00
00
00
00
00
00
00
00
00
00
00
00
00
00
00
00
00
00
00
00
00
00
00
00
00
00
00
00
00
00
00
00
00
00
00
00
00
00
00
00
00
00
00
00
00
00
00
00
00
00
00
00
00
00
00
00
00
00
00
00
00
00
00
00
00
00
00
00
00
00
00
00
00
00
00
00
00
00
00
00
00
00
00
00
00
00
00
00
00
00
00
00
E8
40
00
00
00
00
00
00
00
00
00
00
80
A5
00
00
