C3
00
00
00
00
00
00
00
00
00
00
00
00
00
00
00
00
00
00
00
00
00
00
00
00
00
00
00
00
00
00
00
00
00
00
00
00
00
00
00
00
00
00
00
00
00
00
00
00
00
00
00
00
00
00
00
00
00
00
00
00
00
00
00
00
00
00
00
00
00
00
00
00
00
00
00
00
00
00
00
00
00
00
00
00
00
00
00
00
00
00
00
00
00
00
00
00
00
00
00
00
00
00
00
00
00
00
00
00
00
00
00
00
00
00
00
00
00
00
00
00
00
00
00
00
00
00
00
00
00
00
00
00
00
00
00
00
00
00
00
00
00
00
00
00
00
00
00
00
00
00
00
00
00
00
00
00
00
00
00
00
00
00
00
00
00
00
00
00
00
00
00
00
00
00
00
00
00
00
00
00
00
00
00
00
00
00
00
00
00
00
00
00
00
00
00
00
00
00
00
00
00
00
00
00
00
00
00
00
00
00
00
00
00
00
00
00
00
00
00
00
00
00
00
00
00
00
00
00
00
00
00
00
00
00
00
00
00
00
00
00
00
00
00
00
00
00
00
00
00
00
00
00
00
00
00
00
00
00
00
00
00
00
00
00
00
00
00
00
00
00
00
00
00
00
00
00
00
00
00
00
00
00
00
00
00
00
00
00
00
00
00
00
00
00
00
00
00
00
00
00
00
00
00
00
00
00
00
00
00
00
00
00
00
00
00
00
00
00
00
00
00
00
00
00
00
00
00
00
00
00
00
00
00
00
00
00
00
00
00
00
00
00
00
00
00
00
00
00
00
00
00
00
00
00
00
00
00
00
00
00
00
00
00
00
00
00
00
00
00
00
00
00
00
00
00
00
00
00
00
00
00
00
00
00
00
00
00
00
00
00
00
00
00
00
00
00
00
00
00
00
00
00
00
00
00
00
00
00
00
00
00
00
00
00
00
00
00
00
00
00
00
00
00
00
00
00
00
00
00
00
00
00
00
00
00
00
00
00
00
00
00
00
00
00
00
00
00
00
00
00
00
00
00
00
00
00
00
00
00
00
00
00
00
00
00
00
00
00
00
00
00
00
00
00
00
00
00
00
00
00
00
00
00
00
00
00
00
00
00
00
00
00
00
00
00
00
00
00
00
00
00
00
00
00
00
00
00
00
00
00
00
00
00
00
00
00
00
00
00
00
00
00
00
00
00
00
00
00
00
00
00
00
00
00
00
00
00
00
00
00
00
00
00
00
00
00
00
00
00
00
00
00
00
00
00
00
00
00
00
00
00
00
00
00
00
00
00
00
00
00
00
00
00
00
00
00
00
00
00
00
00
00
00
00
00
00
00
00
00
00
00
00
00
00
00
00
00
00
00
00
00
00
00
00
00
00
00
00
00
00
00
00
00
00
00
00
00
00
00
00
00
00
00
00
00
00
00
00
00
00
00
00
00
00
00
00
00
00
00
00
00
00
00
00
00
00
00
00
00
00
00
00
00
00
00
00
00
00
00
00
00
00
00
00
00
00
00
00
00
00
00
00
00
00
00
00
00
00
00
00
00
00
00
00
00
00
00
00
00
00
00
00
00
00
00
00
00
00
00
00
00
00
00
00
00
00
00
00
00
00
00
00
00
00
00
00
00
00
00
00
00
00
00
00
00
00
00
00
00
00
00
00
00
00
00
00
00
00
00
00
00
00
00
00
00
00
00
00
00
00
00
00
00
00
00
00
00
00
00
00
00
00
00
00
00
00
00
00
00
00
00
00
00
00
00
00
00
00
00
00
00
00
00
00
00
00
00
00
00
00
00
00
00
00
00
00
00
00
00
00
00
00
00
00
00
00
00
00
00
00
00
00
00
00
00
00
00
00
00
00
00
00
00
00
00
00
00
00
00
00
00
00
00
00
00
00
00
00
00
00
00
00
00
00
00
00
00
00
00
00
00
00
00
00
00
00
00
00
00
00
00
00
00
00
00
00
00
00
00
00
00
00
00
00
00
00
00
00
00
00
00
00
00
00
00
00
00
00
00
00
00
00
00
00
00
00
00
00
00
00
00
00
00
00
00
00
00
00
00
00
00
00
00
00
00
00
00
00
00
00
00
00
00
00
00
00
00
00
00
00
00
00
00
00
00
00
00
00
00
00
00
00
00
00
00
00
00
00
00
00
00
00
00
00
00
00
00
00
00
00
00
00
00
00
00
00
00
00
00
00
00
00
00
00
00
00
00
00
00
00
00
00
00
00
00
00
00
00
00
00
00
00
00
00
00
00
00
00
00
00
00
00
00
00
00
00
00
00
00
00
00
00
00
00
00
00
00
00
00
00
00
00
00
00
00
00
00
00
00
00
00
00
00
00
00
00
00
00
00
00
00
00
00
00
00
00
00
00
00
00
00
00
00
00
00
00
00
00
00
00
00
00
00
00
00
00
00
00
00
00
00
00
00
00
00
00
00
00
00
00
00
00
00
00
00
00
00
00
00
00
00
00
00
00
00
00
00
00
00
00
00
00
00
00
00
00
00
00
00
00
00
00
00
00
00
00
00
00
00
00
00
00
00
00
00
00
00
00
00
00
00
00
00
00
00
00
00
00
00
00
00
00
00
00
00
00
00
00
00
00
00
00
00
00
00
00
00
00
00
00
00
00
00
00
00
00
00
00
00
00
00
00
00
00
00
00
00
00
00
00
00
00
00
00
00
00
00
00
00
00
00
00
00
00
00
00
00
00
00
00
00
00
00
00
00
00
00
00
00
00
00
00
00
00
00
00
00
00
00
00
00
00
00
00
00
00
00
00
00
00
00
00
00
00
00
00
00
00
00
00
00
00
00
00
00
00
00
00
00
00
00
00
00
00
00
00
00
00
00
00
00
00
00
00
00
00
00
00
00
00
00
00
00
00
00
00
00
00
00
00
00
00
00
00
00
00
00
00
00
00
00
00
00
00
00
00
00
00
00
00
00
00
00
00
00
00
00
00
00
00
00
00
00
00
00
00
00
00
00
00
00
00
00
00
00
00
00
00
00
00
00
00
00
00
00
00
00
00
00
00
00
00
00
00
C3
50
90
48
B8
1E
05
96
6D
B8
00
10
00
10
66
81
C8
DE
36
2B
44
24
14
2B
C5
58
66
D3
C0
66
81
F0
64
26
23
44
24
14
8B
41
0C
EB
72
CD
89
0E
68
68
68
68
68
68
68
68
68
68
56
8A
C9
33
F6
66
90
46
86
D2
E8
BA
FF
FF
FF
86
C0
E9
72
06
00
00
68
68
68
55
87
D2
4D
45
81
CD
42
2A
13
06
8B
EC
83
E4
F8
66
87
D2
83
EC
18
8B
E4
8A
08
66
90
83
64
24
14
00
86
C9
56
66
87
C0
E9
79
02
00
00
51
67
90
56
66
90
E8
B2
01
00
00
86
C0
8B
40
0C
87
FF
8B
40
1C
8A
C0
8B
00
56
5E
E9
8B
00
00
00
85
C0
EB
17
68
68
68
68
68
68
68
68
68
68
68
68
68
68
68
68
68
68
68
68
68
68
68
8D
50
FF
EB
0E
68
68
68
68
68
68
68
68
68
68
68
68
68
68
89
51
0C
EB
1C
68
68
68
68
68
68
68
68
68
68
68
68
68
68
68
68
68
68
68
68
68
68
68
68
68
68
68
68
0F
85
E1
06
00
00
80
E0
B3
33
44
24
20
FE
C8
66
D3
C8
66
81
C8
1A
53
8B
01
0F
B6
10
EB
15
68
68
68
68
68
68
68
68
68
68
68
68
68
68
68
68
68
68
68
68
68
40
66
8B
D2
E9
98
06
00
00
D3
C6
03
F4
81
EE
96
27
BF
2A
23
74
24
04
8B
70
08
85
F6
EB
0E
68
68
68
68
68
68
68
68
68
68
68
68
68
68
0F
85
46
0A
00
00
33
C0
66
8B
C9
E9
37
0A
00
00
8B
00
66
87
C9
E9
6B
0A
00
00
03
4C
24
0C
02
CB
03
4C
24
14
80
F1
02
08
D1
83
E1
00
03
0D
BC
45
00
10
FF
35
B4
45
00
10
2B
C0
2A
C3
66
D3
E8
58
03
F6
D3
CE
03
F6
03
F7
8B
F1
2B
35
B8
45
00
10
53
5B
03
C1
8B
ED
83
38
00
86
D2
0F
84
91
12
00
00
53
86
C9
33
D3
81
F2
F2
37
D8
4D
03
D1
66
81
C2
D0
19
09
F2
8B
50
04
E9
88
0A
00
00
68
68
68
68
68
68
68
55
8A
C9
21
D5
81
ED
44
67
46
46
8B
EE
D3
ED
81
CD
41
3B
3D
21
8B
EC
51
66
90
51
90
53
87
F6
66
81
C3
E8
0E
66
D3
EB
8A
DA
66
81
CB
11
1E
8B
DA
2B
D0
66
D3
EA
8B
D0
E9
5A
01
00
00
53
66
90
56
87
E4
57
87
ED
6A
04
51
59
05
00
06
00
00
90
50
66
87
C0
E8
2C
01
00
00
90
E9
2C
06
00
00
FF
44
24
10
86
C0
E9
BD
17
00
00
68
68
55
66
90
E9
AD
01
00
00
66
81
E0
DE
03
8B
46
3C
8B
44
30
78
86
C0
83
65
FC
00
90
03
C6
86
C9
2B
7C
24
24
8B
78
24
D2
C2
8B
50
20
4B
D3
EB
66
4B
8B
58
1C
E9
61
08
00
00
68
55
66
87
D2
BD
7B
16
E0
19
8B
E8
45
8B
EC
83
EC
20
54
5C
53
67
90
56
66
90
57
90
81
F6
22
38
53
1F
8B
F0
E9
C3
02
00
00
50
8F
05
BC
45
00
10
FF
35
AC
45
00
10
80
C1
E5
8B
4C
24
20
08
C1
59
FF
35
B8
45
00
10
D3
E6
4E
5E
2B
FB
81
CF
73
35
CE
56
81
EF
50
0A
8A
74
BF
53
15
15
0D
81
F7
C6
59
C5
13
8B
3D
BC
45
00
10
F3
A4
EB
12
68
68
68
68
68
68
68
68
68
68
68
68
68
68
68
68
68
68
E9
6F
FE
FF
FF
33
F6
67
90
21
74
24
08
66
87
D2
E9
68
06
00
00
68
68
68
68
68
68
68
68
68
68
56
66
8B
DB
57
66
87
C0
33
F6
87
E4
E9
D1
02
00
00
66
48
8B
05
B0
45
00
10
E9
DD
FE
FF
FF
53
66
8B
D2
56
8A
C9
57
8B
DB
6A
04
8B
DB
05
00
06
00
00
86
C9
50
66
8B
C0
E9
3C
04
00
00
68
68
68
68
68
68
68
55
87
F6
03
EA
D3
ED
8B
EC
51
66
8B
C9
E9
18
FD
FF
FF
C1
EA
02
EB
1D
68
68
68
68
68
68
68
68
68
68
68
68
68
68
68
68
68
68
68
68
68
68
68
68
68
68
68
68
68
83
C0
04
8A
D2
89
4D
F8
8A
C9
E9
53
04
00
00
6A
00
66
90
E9
BB
06
00
00
89
5D
E8
8A
C9
E9
6E
19
00
00
68
68
68
E8
89
FE
FF
FF
8A
D2
E9
C1
03
00
00
56
90
56
90
56
66
90
33
FF
66
8B
DB
FF
15
50
40
00
10
E9
65
07
00
00
83
C3
14
67
90
E9
02
25
00
00
68
68
68
55
8B
ED
03
6C
24
14
D3
ED
8B
EC
51
8A
D2
E9
1C
02
00
00
81
ED
B3
45
02
34
8B
EC
45
D3
ED
8B
EC
57
90
6A
01
66
87
D2
6A
00
90
68
74
40
00
10
66
81
E0
0D
12
FE
C0
33
C0
66
81
F0
36
04
8B
44
24
00
52
D2
C0
68
14
00
00
00
81
C0
8F
6F
3F
6B
B0
EF
66
2B
C3
80
C8
CD
58
D2
E2
80
EA
15
2B
54
24
1C
48
85
C0
75
F2
5A
58
FF
10
85
C0
EB
0E
68
68
68
68
68
68
68
68
68
68
68
68
68
68
0F
84
3F
06
00
00
6A
7B
90
E9
30
FF
FF
FF
0F
84
6E
20
00
00
E8
90
FB
FF
FF
90
E9
32
0A
00
00
31
06
53
5B
6A
02
8B
D2
57
66
8B
DB
E9
23
16
00
00
68
55
66
90
EB
4D
B7
76
C3
03
1A
66
90
E9
AB
13
00
00
68
68
68
68
68
68
68
68
68
55
87
F6
D3
ED
BD
54
77
1F
19
81
ED
CC
4C
41
2A
8B
EE
D3
CD
8B
EC
51
90
56
66
8B
DB
57
67
90
6A
40
66
8B
D2
FF
35
AC
45
00
10
8B
ED
E8
7F
FE
FF
FF
8A
C9
E9
C0
FD
FF
FF
D3
C5
4D
8B
EC
51
8B
C0
8D
45
FC
EB
0A
68
68
68
68
68
68
68
68
68
68
50
8A
C9
6A
40
90
FF
35
A0
45
00
10
90
FF
75
08
87
ED
E8
07
FE
FF
FF
67
90
E9
11
03
00
00
8B
40
1C
90
8B
00
66
87
C0
66
D3
E9
8B
48
08
83
65
FC
00
66
87
C0
68
A1
F9
12
A4
50
58
20
C8
58
05
E8
03
00
00
8B
C9
50
66
8B
C0
E9
D9
06
00
00
68
55
66
87
D2
8B
ED
81
CD
4A
1C
A7
13
33
E8
03
6C
24
0C
8B
EC
83
EC
18
90
E9
C3
FD
FF
FF
8D
45
E0
EB
13
68
68
68
68
68
68
68
68
68
68
68
68
68
68
68
68
68
68
68
50
8A
C0
6A
00
66
87
D2
6A
01
8B
D2
52
66
D3
E8
FE
C8
66
B8
66
65
D2
C0
68
00
00
00
00
D2
E8
58
81
C0
00
00
00
00
81
C0
18
00
00
00
81
C2
48
49
88
78
03
D1
80
E2
42
BA
B6
3B
33
3F
0B
54
24
04
48
85
C0
75
E7
5A
66
D3
E0
8B
C1
33
44
24
24
8B
05
78
40
00
10
FF
D0
85
C0
EB
10
68
68
68
68
68
68
68
68
68
68
68
68
68
68
68
68
0F
84
5B
FC
FF
FF
33
F6
8B
D2
46
90
E9
50
FC
FF
FF
56
66
8B
C9
56
86
C0
56
66
87
DB
56
66
8B
C9
56
90
56
86
C0
E9
AD
FD
FF
FF
51
67
90
83
3D
94
45
00
10
00
67
90
53
EB
21
68
68
68
68
68
68
68
68
68
68
68
68
68
68
68
68
68
68
68
68
68
68
68
68
68
68
68
68
68
68
68
68
68
56
EB
18
68
68
68
68
68
68
68
68
68
68
68
68
68
68
68
68
68
68
68
68
68
68
68
68
57
EB
0C
68
68
68
68
68
68
68
68
68
68
68
68
0F
85
39
15
00
00
E8
CA
FB
FF
FF
8B
C9
8B
40
0C
57
5F
E9
94
FE
FF
FF
55
8B
EC
53
90
90
90
90
90
90
EB
15
68
68
68
68
68
68
68
68
68
68
68
68
68
68
68
68
68
68
68
68
68
90
EB
1B
68
68
68
68
68
68
68
68
68
68
68
68
68
68
68
68
68
68
68
68
68
68
68
68
68
68
68
EB
73
71
CE
96
8D
34
70
EB
17
68
68
68
68
68
68
68
68
68
68
68
68
68
68
68
68
68
68
68
68
68
68
68
E8
20
F9
FF
FF
8B
DB
85
C0
EB
0A
68
68
68
68
68
68
68
68
68
68
0F
85
4B
F9
FF
FF
66
81
C0
A2
32
8B
C6
BE
FE
62
C5
39
8B
74
24
14
81
F6
AA
5A
62
09
5E
C3
EB
1A
68
68
68
68
68
68
68
68
68
68
68
68
68
68
68
68
68
68
68
68
68
68
68
68
68
68
68
68
68
68
68
81
EB
CB
66
19
04
66
81
EB
0A
1D
8B
5C
24
10
5B
45
5D
E8
95
FC
FF
FF
86
D2
E9
8E
01
00
00
68
55
90
81
CD
A3
2B
09
4D
4D
21
D5
81
ED
C2
72
AF
7D
8B
EC
83
EC
1C
87
FF
66
B8
2F
1E
80
C0
20
8B
05
B0
45
00
10
E9
B5
FB
FF
FF
8B
40
0C
8B
F6
8B
40
1C
87
F6
E9
D3
F9
FF
FF
E8
C6
FB
FF
FF
8B
ED
81
C9
BA
01
A7
4A
2B
4C
24
1C
80
C1
D5
80
E1
48
8B
4C
24
0C
8B
0D
B8
45
00
10
66
D3
EB
0B
5C
24
24
D3
EB
43
8B
D8
66
D3
E8
8B
41
3C
E9
D1
00
00
00
89
51
08
52
5A
89
01
66
87
D2
C7
41
0C
07
00
00
00
66
90
03
D3
2B
D7
66
81
C2
7D
1F
66
42
80
F2
2B
8B
51
08
E9
16
02
00
00
8D
0C
91
EB
1C
68
68
68
68
68
68
68
68
68
68
68
68
68
68
68
68
68
68
68
68
68
68
68
68
68
68
68
68
99
EB
0B
68
68
68
68
68
68
68
68
68
68
68
83
E2
03
90
E9
F6
00
00
00
C9
EB
0E
68
68
68
68
68
68
68
68
68
68
68
68
68
68
C3
EB
1F
68
68
68
68
68
68
68
68
68
68
68
68
68
68
68
68
68
68
68
68
68
68
68
68
68
68
68
68
68
68
68
68
68
68
68
68
02
C8
80
C1
49
D2
E1
B9
00
00
00
00
03
0D
B8
45
00
10
33
5C
24
08
0B
5C
24
20
80
E3
53
66
81
EB
DC
59
09
E3
8B
D8
66
81
C0
18
5B
D2
C8
66
8B
C0
8B
41
3C
E9
36
05
00
00
03
C1
8A
C0
0F
B7
50
14
EB
10
68
68
68
68
68
68
68
68
68
68
68
68
68
68
68
68
6A
02
66
8B
D2
D3
E6
81
CE
10
01
C4
05
2B
74
24
1C
09
E6
09
DE
5E
66
39
70
06
66
90
89
5D
F4
EB
0B
68
68
68
68
68
68
68
68
68
68
68
E9
7E
05
00
00
90
EB
1F
68
68
68
68
68
68
68
68
68
68
68
68
68
68
68
68
68
68
68
68
68
68
68
68
68
68
68
68
68
68
68
90
EB
11
68
68
68
68
68
68
68
68
68
68
68
68
68
68
68
68
68
E9
68
05
00
00
03
C2
66
8B
C9
56
66
90
C1
F8
02
EB
11
68
68
68
68
68
68
68
68
68
68
68
68
68
68
68
68
68
E9
C1
05
00
00
83
65
F4
00
90
03
CE
66
87
C0
8A
01
66
8B
C0
E9
BB
07
00
00
FF
D0
67
90
C2
04
00
EB
0A
68
68
68
68
68
68
68
68
68
68
68
68
68
68
68
68
68
68
68
68
68
68
68
88
0B
8A
D2
8D
4B
01
EB
1D
68
68
68
68
68
68
68
68
68
68
68
68
68
68
68
68
68
68
68
68
68
68
68
68
68
68
68
68
68
40
90
57
67
90
89
4C
24
14
8A
C0
89
44
24
10
86
D2
8D
4C
24
10
EB
0E
68
68
68
68
68
68
68
68
68
68
68
68
68
68
E8
43
F6
FF
FF
8A
DB
85
C0
EB
11
68
68
68
68
68
68
68
68
68
68
68
68
68
68
68
68
68
E9
8C
FA
FF
FF
6A
04
90
33
F6
66
87
D2
21
F7
03
FB
5F
E9
E5
08
00
00
68
68
68
68
68
68
68
68
00
00
00
00
00
00
00
00
00
00
00
B8
4D
67
BF
25
D3
E8
8B
C2
C1
E8
07
EB
20
68
68
68
68
68
68
68
68
68
68
68
68
68
68
68
68
68
68
68
68
68
68
68
68
68
68
68
68
68
68
68
68
03
D2
87
E4
83
E0
01
90
89
51
08
56
5E
C3
EB
18
68
68
68
68
68
68
68
68
68
68
68
68
68
68
68
68
68
68
68
68
68
68
68
68
68
68
68
68
68
FF
35
74
40
00
10
33
44
24
10
40
2A
C1
23
44
24
1C
52
33
C7
33
C5
02
C3
FE
C0
81
F0
9E
5E
9D
29
B8
23
00
00
00
66
33
D0
66
4A
66
03
D2
81
CA
E0
5F
74
1F
20
D2
48
85
C0
75
EB
5A
58
FF
D0
E9
B1
04
00
00
57
90
83
F7
22
66
8B
D2
64
8B
3D
30
00
00
00
EB
19
68
68
68
68
68
68
68
68
68
68
68
68
68
68
68
68
68
68
68
68
68
68
68
68
68
E8
6D
04
00
00
87
DB
E9
4D
04
00
00
8B
40
18
86
C9
03
FE
90
03
D6
8B
FF
03
DE
66
87
C0
85
C0
EB
1E
68
68
68
68
68
68
68
68
68
68
68
68
68
68
68
68
68
68
68
68
68
68
68
68
68
68
68
68
68
68
89
45
F0
EB
0B
68
68
68
68
68
68
68
68
68
68
68
0F
8E
EF
0C
00
00
81
C0
A0
47
C5
0E
66
D3
C0
66
40
8B
45
FC
8B
0C
82
8A
C9
E9
06
FE
FF
FF
85
C0
EB
19
68
68
68
68
68
68
68
68
68
68
68
68
68
68
68
68
68
68
68
68
68
68
68
68
68
0F
85
19
00
00
00
E8
DE
F6
FF
FF
90
33
FE
BF
63
3C
B4
33
33
FD
81
E7
F5
78
CD
4C
D3
C7
8B
F8
FE
C8
66
21
D8
0B
44
24
00
D2
E0
81
F0
3E
5D
38
36
8B
47
0C
8B
40
1C
87
FF
8B
00
51
59
E9
1E
01
00
00
E9
3E
08
00
00
57
66
87
C0
8D
45
F8
EB
1B
68
68
68
68
68
68
68
68
68
68
68
68
68
68
68
68
68
68
68
68
68
68
68
68
68
68
68
50
66
8B
DB
6A
0C
51
59
6A
0A
86
C0
6A
01
51
59
E9
10
01
00
00
8B
40
08
86
C0
85
C0
EB
13
68
68
68
68
68
68
68
68
68
68
68
68
68
68
68
68
68
68
68
0F
84
60
FD
FF
FF
68
DB
D3
62
B5
86
C0
E8
75
F6
FF
FF
50
58
C7
04
24
00
80
00
00
90
6A
00
66
8B
D2
FF
74
24
0C
66
87
C0
E9
35
FD
FF
FF
8F
45
FC
66
87
DB
FF
75
FC
86
C0
FE
C8
8B
C1
E8
46
F6
FF
FF
66
8B
DB
C7
04
24
D4
45
00
10
87
E4
FF
D0
86
D2
68
9A
9C
04
E0
66
8B
D2
33
F7
8B
F3
8B
F0
E9
23
01
00
00
83
EA
08
66
90
D1
EA
EB
1F
68
68
68
68
68
68
68
68
68
68
68
68
68
68
68
68
68
68
68
68
68
68
68
68
68
68
68
68
68
68
68
85
D2
EB
0E
68
68
68
68
68
68
68
68
68
68
68
68
68
68
8D
78
08
EB
16
68
68
68
68
68
68
68
68
68
68
68
68
68
68
68
68
68
68
68
68
68
68
0F
8E
77
07
00
00
E9
E6
00
00
00
8B
40
08
67
90
2B
FE
D3
CF
8B
FC
5F
3B
C6
90
5E
EB
13
68
68
68
68
68
68
68
68
68
68
68
68
68
68
68
68
68
68
68
0F
85
80
04
00
00
E9
61
04
00
00
4F
BF
AE
D0
16
AB
51
33
C5
66
81
C0
B6
29
68
00
00
00
00
66
D3
E0
FE
C8
2B
C0
33
C4
58
81
C0
12
00
00
00
66
B9
00
0A
33
4C
24
08
66
81
E1
BE
72
66
D3
C9
D3
E9
48
85
C0
75
E9
59
66
03
C3
66
2B
C3
8B
05
98
40
00
10
FF
D0
85
C0
EB
12
68
68
68
68
68
68
68
68
68
68
68
68
68
68
68
68
68
68
0F
84
09
00
00
00
6A
0A
52
5A
33
F8
D3
E7
5F
57
57
5F
66
2B
C1
66
81
C0
B8
67
48
33
44
24
04
81
C0
79
4C
EF
43
8B
C6
E8
08
F5
FF
FF
66
87
C0
E9
06
04
00
00
E8
FB
F4
FF
FF
86
DB
0B
7C
24
0C
8B
F8
81
F0
01
5C
0B
2E
8B
C6
C7
04
24
63
A5
04
00
52
5A
E9
1A
04
00
00
89
55
FC
87
C0
0F
B7
17
EB
1B
68
68
68
68
68
68
68
68
68
68
68
68
68
68
68
68
68
68
68
68
68
68
68
68
68
68
68
D3
E3
66
D3
CB
8B
DA
E9
B9
01
00
00
03
C1
66
90
0F
B7
50
14
EB
1C
68
68
68
68
68
68
68
68
68
68
68
68
68
68
68
68
68
68
68
68
68
68
68
68
68
68
68
68
6A
02
90
81
EE
98
7F
E0
7E
81
E6
A1
6C
D3
59
81
C6
55
45
46
37
81
CE
DE
1B
87
40
5E
66
39
70
06
86
D2
89
5D
F8
EB
12
68
68
68
68
68
68
68
68
68
68
68
68
68
68
68
68
68
68
89
45
E8
EB
14
68
68
68
68
68
68
68
68
68
68
68
68
68
68
68
68
68
68
68
68
8D
54
02
18
EB
10
68
68
68
68
68
68
68
68
68
68
68
68
68
68
68
68
E9
6A
01
00
00
89
45
E4
EB
1B
68
68
68
68
68
68
68
68
68
68
68
68
68
68
68
68
68
68
68
68
68
68
68
68
68
68
68
E9
BC
01
00
00
80
3D
C5
45
00
10
01
90
90
EB
14
68
68
68
68
68
68
68
68
68
68
68
68
68
68
68
68
68
68
68
68
0F
84
FA
09
00
00
E9
2A
02
00
00
85
C0
EB
18
68
68
68
68
68
68
68
68
68
68
68
68
68
68
68
68
68
68
68
68
68
68
68
68
0F
84
93
0E
00
00
E8
31
F1
FF
FF
90
85
C0
EB
1B
68
68
68
68
68
68
68
68
68
68
68
68
68
68
68
68
68
68
68
68
68
68
68
68
68
68
68
0F
84
43
08
00
00
E9
DF
FA
FF
FF
33
F6
90
85
C0
EB
19
68
68
68
68
68
68
68
68
68
68
68
68
68
68
68
68
68
68
68
68
68
68
68
68
68
E9
D4
01
00
00
4F
67
90
08
D0
66
40
8B
C7
8B
FD
03
FC
81
EF
84
6A
B8
6C
5F
E9
15
00
00
00
47
66
87
C0
C3
EB
0E
68
68
68
68
68
68
68
68
68
68
68
68
68
68
81
C7
FA
3A
53
70
33
7C
24
00
D3
CF
81
CF
BD
11
A1
21
5F
D3
C5
81
ED
98
24
23
68
5D
C3
EB
0E
68
68
68
68
68
68
68
68
68
68
68
68
68
68
68
68
68
68
68
66
81
E3
00
F0
87
ED
66
81
FB
00
30
8A
DB
0F
85
28
00
00
00
81
E2
FF
0F
00
00
67
90
03
10
90
03
CA
66
90
01
31
90
66
81
C9
4E
71
81
F1
69
4F
13
33
09
D1
83
E1
00
03
0D
BC
45
00
10
47
8A
DB
E9
4C
02
00
00
89
5D
F4
EB
20
68
68
68
68
68
68
68
68
68
68
68
68
68
68
68
68
68
68
68
68
68
68
68
68
68
68
68
68
68
68
68
68
89
75
FC
EB
0D
68
68
68
68
68
68
68
68
68
68
68
68
68
0F
86
CF
06
00
00
83
C2
60
66
8B
C0
E9
1C
00
00
00
66
D3
E1
66
81
E1
E8
05
66
D3
C1
81
E9
54
53
45
67
B9
00
00
00
00
03
0D
B8
45
00
10
81
CE
01
1E
91
7C
03
F1
8B
32
89
75
EC
90
E9
03
02
00
00
8D
54
02
18
EB
15
68
68
68
68
68
68
68
68
68
68
68
68
68
68
68
68
68
68
68
68
68
89
5D
F0
EB
19
68
68
68
68
68
68
68
68
68
68
68
68
68
68
68
68
68
68
68
68
68
68
68
68
68
89
75
F8
EB
21
68
68
68
68
68
68
68
68
68
68
68
68
68
68
68
68
68
68
68
68
68
68
68
68
68
68
68
68
68
68
68
68
68
0F
86
7F
0A
00
00
83
C2
60
87
E4
E9
10
00
00
00
66
81
E1
61
50
49
32
CA
D3
E9
8B
0D
B8
45
00
10
33
F1
D3
C6
BE
02
3B
F5
00
D3
CE
03
F0
8B
32
89
75
E8
8B
ED
E9
90
01
00
00
90
EB
19
68
68
68
68
68
68
68
68
68
68
68
68
68
68
68
68
68
68
68
68
68
68
68
68
68
E9
86
01
00
00
0F
8E
7A
06
00
00
89
45
FC
66
8B
C0
57
66
8B
C9
E9
4E
02
00
00
84
C0
EB
11
68
68
68
68
68
68
68
68
68
68
68
68
68
68
68
68
68
0F
84
B7
06
00
00
89
4D
F8
67
90
80
E1
AB
D3
E1
66
81
E9
8B
0D
66
41
23
4C
24
1C
8B
4D
F4
E9
57
02
00
00
33
C0
90
C2
10
00
EB
12
68
68
68
68
68
68
68
68
68
68
68
68
68
68
68
68
68
68
68
46
2F
FF
C5
87
C0
E8
0C
F1
FF
FF
67
90
81
C1
F9
11
E3
6C
59
FF
E0
86
D2
68
68
68
68
68
66
D3
C1
66
09
D9
66
D3
C1
8A
C8
59
FF
75
0C
67
90
68
00
10
00
00
90
FF
75
08
66
8B
DB
6A
00
66
90
FF
D0
8A
D2
33
FC
81
E7
C3
70
E7
62
D3
EF
D3
EF
5F
E9
25
02
00
00
E8
BE
F0
FF
FF
66
87
C9
8B
CA
66
81
E1
EE
6A
D2
C1
59
81
F6
4A
0A
16
1C
D3
E6
8B
F0
FF
D7
90
50
66
87
DB
FF
D6
66
87
C0
90
90
90
90
90
D3
E7
81
F7
40
53
D5
0B
03
7C
24
24
2B
FB
D3
EF
8B
F8
8D
45
F8
EB
10
68
68
68
68
68
68
68
68
68
68
68
68
68
68
68
68
50
90
6A
04
66
87
D2
E9
30
04
00
00
47
90
FF
4D
FC
EB
1C
68
68
68
68
68
68
68
68
68
68
68
68
68
68
68
68
68
68
68
68
68
68
68
68
68
68
68
68
0F
85
62
FB
FF
FF
E9
E4
01
00
00
BE
B8
68
7F
19
8B
72
FC
03
F1
8B
E4
89
75
F0
8B
E4
80
E9
B9
8B
4D
EC
2B
74
24
1C
33
F2
8B
75
F0
E9
F7
01
00
00
21
C6
81
E6
78
33
56
1A
8B
72
FC
03
F1
90
89
75
EC
90
E9
4E
02
00
00
80
3D
C4
45
00
10
01
52
5A
0F
84
80
02
00
00
90
EB
18
68
68
68
68
68
68
68
68
68
68
68
68
68
68
68
68
68
68
68
68
68
68
68
68
FF
35
9C
45
00
10
66
48
58
90
EB
17
68
68
68
68
68
68
68
68
68
68
68
68
68
68
68
68
68
68
68
68
68
68
68
E9
4D
02
00
00
E9
38
02
00
00
8D
4C
24
10
EB
1C
68
68
68
68
68
68
68
68
68
68
68
68
68
68
68
68
68
68
68
68
68
68
68
68
68
68
68
68
E8
09
ED
FF
FF
66
8B
C9
4F
67
90
8D
34
70
EB
12
68
68
68
68
68
68
68
68
68
68
68
68
68
68
68
68
68
68
0F
85
B6
FF
FF
FF
85
F6
EB
0D
68
68
68
68
68
68
68
68
68
68
68
68
68
8B
44
24
14
EB
1A
68
68
68
68
68
68
68
68
68
68
68
68
68
68
68
68
68
68
68
68
68
68
68
68
68
68
0F
84
0F
02
00
00
E9
E8
01
00
00
81
EF
25
40
2E
5C
81
C7
C5
27
61
15
8B
FF
47
81
F7
34
53
67
6B
8B
7D
08
85
FF
EB
12
68
68
68
68
68
68
68
68
68
68
68
68
68
68
68
68
68
68
0F
8E
15
02
00
00
D2
C2
03
54
24
14
8B
11
E9
D9
01
00
00
0F
BE
C0
EB
16
68
68
68
68
68
68
68
68
68
68
68
68
68
68
68
68
68
68
68
68
68
68
C1
C1
03
EB
18
68
68
68
68
68
68
68
68
68
68
68
68
68
68
68
68
68
68
68
68
68
68
68
68
E9
01
02
00
00
8B
F0
81
CE
50
31
17
54
81
CE
22
57
89
25
81
F6
00
0E
23
27
8B
F0
5E
C9
EB
1D
68
68
68
68
68
68
68
68
68
68
68
68
68
68
68
68
68
68
68
68
68
68
68
68
68
68
68
68
68
C2
08
00
EB
0C
68
68
68
68
68
68
68
68
68
68
68
68
68
68
68
68
68
03
40
04
8A
D2
83
38
00
87
ED
0F
85
7D
ED
FF
FF
8B
D8
21
FB
81
EB
19
72
5D
08
5B
66
B8
1F
70
20
D0
66
09
C8
FE
C0
40
8B
41
3C
8B
44
08
28
8A
C0
03
C1
90
E9
28
02
00
00
D3
EF
8B
7D
F4
F3
A4
EB
11
68
68
68
68
68
68
68
68
68
68
68
68
68
68
68
68
68
03
1A
87
FF
0F
B7
48
06
EB
18
68
68
68
68
68
68
68
68
68
68
68
68
68
68
68
68
68
68
68
68
68
68
68
68
FF
45
FC
8B
D2
83
C2
28
54
5C
39
4D
FC
67
90
89
5D
F4
EB
19
68
68
68
68
68
68
68
68
68
68
68
68
68
68
68
68
68
68
68
68
68
68
68
68
68
E9
02
02
00
00
08
D1
08
C9
66
D3
C1
8B
4D
E8
81
F6
5B
78
27
3C
81
F6
F4
7B
4F
2B
46
81
F6
63
10
14
55
8B
75
EC
33
F9
2B
7C
24
20
21
EF
D3
EF
8B
7D
F0
F3
A4
EB
0B
68
68
68
68
68
68
68
68
68
68
68
E9
88
EF
FF
FF
32
C3
80
C8
05
D3
C8
80
C8
BE
02
C2
8B
44
24
04
60
EB
0C
68
68
68
68
68
68
68
68
68
68
68
68
D2
CB
66
D3
E3
BB
E2
5C
AF
74
D3
CB
8B
D8
50
66
8B
C0
E9
AC
01
00
00
66
41
66
D3
E1
D3
C9
66
D3
E9
0B
4C
24
18
8B
4C
24
14
2B
C6
8A
C0
8A
00
66
90
88
01
90
E9
05
00
00
00
C6
00
00
87
DB
FF
44
24
14
8A
C0
E9
C3
01
00
00
2B
DA
86
D2
2B
D3
66
8B
DB
4F
EB
19
68
68
68
68
68
68
68
68
68
68
68
68
68
68
68
68
68
68
68
68
68
68
68
68
68
0F
85
D5
FF
FF
FF
89
11
66
90
83
E9
04
51
59
FF
4D
FC
EB
10
68
68
68
68
68
68
68
68
68
68
68
68
68
68
68
68
0F
85
97
FD
FF
FF
03
7C
24
14
81
CF
50
65
1E
0D
03
7C
24
18
D3
CF
5F
E9
9E
01
00
00
33
C8
57
5F
FF
45
F8
66
87
C0
23
44
24
14
66
09
D8
33
44
24
08
02
C0
08
D8
8B
45
F8
8A
00
66
90
84
C0
EB
16
68
68
68
68
68
68
68
68
68
68
68
68
68
68
68
68
68
68
68
68
68
68
89
4D
F4
EB
20
68
68
68
68
68
68
68
68
68
68
68
68
68
68
68
68
68
68
68
68
68
68
68
68
68
68
68
68
68
68
68
68
0F
85
EE
FA
FF
FF
E9
9B
01
00
00
6A
3C
90
4E
D3
EE
8B
F1
33
F4
33
74
24
08
BE
98
45
00
10
56
8B
C9
E8
B5
EC
FF
FF
66
8B
DB
90
90
90
90
90
6A
0F
67
90
0B
5C
24
14
21
EB
23
5C
24
1C
66
D3
E3
5B
66
48
8B
05
90
45
00
10
E9
F5
ED
FF
FF
81
C7
AD
73
73
54
81
EF
14
15
B5
54
03
FC
5F
89
05
C0
45
00
10
4E
5E
C9
EB
12
68
68
68
68
68
68
68
68
68
68
68
68
68
68
68
68
68
68
C3
EB
14
68
68
68
68
68
68
68
68
68
68
68
68
68
68
68
68
68
68
68
68
68
68
68
68
68
0F
8C
3C
F9
FF
FF
81
F0
F2
25
7A
59
66
81
E0
D3
34
B8
00
00
00
00
03
05
B0
45
00
10
E9
2F
01
00
00
E8
99
ED
FF
FF
8B
E4
83
C4
04
90
89
1D
B8
45
00
10
C6
05
C5
45
00
10
01
66
87
C9
C7
05
94
45
00
10
01
00
00
00
90
E8
8D
ED
FF
FF
66
87
C0
61
EB
0B
68
68
68
68
68
68
68
68
68
68
68
FF
25
C0
45
00
10
86
C9
E9
6A
01
00
00
E9
62
0E
00
00
66
D3
C8
66
40
66
8B
C3
66
2B
C2
81
C0
87
2A
F6
35
8B
44
24
10
0F
B6
08
EB
1C
68
68
68
68
68
68
68
68
68
68
68
68
68
68
68
68
68
68
68
68
68
68
68
68
68
68
68
68
E9
B9
EA
FF
FF
85
C0
EB
0E
68
68
68
68
68
68
68
68
68
68
68
68
68
68
8B
4D
F8
EB
0C
68
68
68
68
68
68
68
68
68
68
68
68
0F
8E
6D
01
00
00
03
54
24
08
80
F2
60
81
F2
A1
0A
73
3C
8B
D0
03
31
66
90
83
C1
04
66
87
DB
4A
EB
17
68
68
68
68
68
68
68
68
68
68
68
68
68
68
68
68
68
68
68
68
68
68
68
0F
85
D6
FF
FF
FF
E9
2F
01
00
00
21
D0
FE
C0
2A
C3
20
D0
8B
45
F4
3B
45
08
87
FF
0F
84
83
01
00
00
FF
45
FC
8A
C9
66
81
F0
A8
6E
48
8B
45
FC
3B
45
F0
66
8B
DB
0F
8C
11
F3
FF
FF
33
C0
66
87
DB
E9
90
01
00
00
E9
5A
01
00
00
FF
35
A8
45
00
10
57
5F
FF
35
A4
45
00
10
02
D2
D3
CA
2B
D0
66
81
E2
9F
6D
5A
32
CB
66
03
CA
2B
4C
24
04
8B
4D
F8
E9
A2
02
00
00
0F
B7
48
06
EB
21
68
68
68
68
68
68
68
68
68
68
68
68
68
68
68
68
68
68
68
68
68
68
68
68
68
68
68
68
68
68
68
68
68
FF
45
F8
66
90
83
C2
28
67
90
39
4D
F8
86
DB
89
5D
F0
EB
19
68
68
68
68
68
68
68
68
68
68
68
68
68
68
68
68
68
68
68
68
68
68
68
68
68
E9
7B
02
00
00
60
EB
13
68
68
68
68
68
68
68
68
68
68
68
68
68
68
68
68
68
68
68
E8
96
EE
FF
FF
66
90
61
EB
0F
68
68
68
68
68
68
68
68
68
68
68
68
68
68
68
FF
25
98
45
00
10
90
E8
2E
F1
FF
FF
86
DB
D2
E8
B8
82
1A
00
10
21
E8
B8
82
1A
00
10
E8
25
F1
FF
FF
90
C3
EB
13
68
68
68
68
68
68
68
68
68
68
68
68
68
68
68
68
68
68
68
68
68
68
68
68
85
C0
EB
1C
68
68
68
68
68
68
68
68
68
68
68
68
68
68
68
68
68
68
68
68
68
68
68
68
68
68
68
68
8B
4D
F8
EB
1A
68
68
68
68
68
68
68
68
68
68
68
68
68
68
68
68
68
68
68
68
68
68
68
68
68
68
0F
8E
1A
01
00
00
D1
CE
EB
12
68
68
68
68
68
68
68
68
68
68
68
68
68
68
68
68
68
68
31
31
66
90
83
C1
04
66
8B
C0
E9
CF
00
00
00
66
2B
C2
66
03
C3
8B
44
24
14
66
48
81
F0
A1
0E
73
08
8B
45
FC
0F
B7
04
47
EB
0E
68
68
68
68
68
68
68
68
68
68
68
68
68
68
8B
04
83
8A
C9
03
C6
90
D3
CF
47
5F
46
5E
80
F3
F6
66
4B
5B
C9
EB
1A
68
68
68
68
68
68
68
68
68
68
68
68
68
68
68
68
68
68
68
68
68
68
68
68
68
68
C3
EB
1F
68
68
68
68
68
68
68
68
68
68
68
68
68
68
68
68
68
68
68
68
68
68
68
68
68
68
68
68
68
68
68
68
68
68
68
68
33
D2
56
5E
42
50
58
8B
44
24
20
81
C8
A3
00
AC
25
80
E0
7A
8B
44
24
10
0B
44
24
24
8B
C1
23
C2
66
8B
C0
40
66
90
40
66
90
D1
E9
EB
16
68
68
68
68
68
68
68
68
68
68
68
68
68
68
68
68
68
68
68
68
68
68
0F
84
10
03
00
00
E9
ED
01
00
00
48
EB
1D
68
68
68
68
68
68
68
68
68
68
68
68
68
68
68
68
68
68
68
68
68
68
68
68
68
68
68
68
68
0F
85
E6
FE
FF
FF
21
E6
5E
23
5C
24
18
FE
C3
D3
C3
33
5C
24
0C
5B
C9
EB
15
68
68
68
68
68
68
68
68
68
68
68
68
68
68
68
68
68
68
68
68
68
C3
EB
12
68
68
68
68
68
68
68
68
68
68
68
68
68
68
68
68
68
68
68
68
68
68
68
53
48
66
B8
DC
15
D2
C0
03
C2
68
10
00
00
00
33
C7
2A
C0
21
E0
58
D2
CB
20
C3
66
D3
E3
48
85
C0
75
F4
5B
FF
35
74
40
00
10
D2
E0
20
D8
08
D8
58
FF
D0
83
F8
01
8A
C0
E9
86
00
00
00
83
C0
FC
66
8B
D2
E8
DD
E6
FF
FF
66
8B
D2
2B
CF
03
CB
59
6A
04
86
C0
FF
35
A0
45
00
10
86
DB
E8
48
E8
FF
FF
90
81
E3
1D
4E
3A
40
8B
D8
E9
93
00
00
00
0F
8C
8B
F5
FF
FF
8B
44
24
08
66
D3
C8
23
44
24
0C
B8
00
00
00
00
03
05
B0
45
00
10
FF
35
A8
45
00
10
66
90
D2
E2
8B
54
24
24
81
C2
47
14
58
05
66
81
E2
3D
6E
B2
4A
8B
15
A4
45
00
10
80
C1
95
66
41
66
81
E9
F5
75
8B
4D
F4
83
C0
FC
67
90
EB
7B
BB
FF
B9
0F
85
16
00
00
00
D1
0D
90
45
00
10
EB
0E
68
68
68
68
68
68
68
68
68
68
68
68
68
68
83
C6
04
66
87
D2
4B
EB
0C
68
68
68
68
68
68
68
68
68
68
68
68
0F
85
D1
FA
FF
FF
33
FC
5F
E9
C3
00
00
00
66
81
E0
5B
2A
8B
45
F8
89
5D
EC
90
E8
94
E4
FF
FF
90
89
45
F0
66
87
C0
09
E1
80
E1
99
09
D9
8B
4D
F0
4E
8B
75
EC
81
E7
F8
5A
C4
1D
2B
FB
8B
3D
B8
45
00
10
E9
D6
00
00
00
E8
E5
E5
FF
FF
8B
E4
66
81
C9
EA
4B
66
B9
DD
07
D3
E9
66
09
C1
0B
4C
24
14
59
6A
04
8A
C9
FF
35
A0
45
00
10
8A
C0
E8
43
E7
FF
FF
8B
C0
66
81
CB
7B
02
8B
DE
66
81
C3
36
11
09
EB
D3
C3
8B
D8
66
09
D8
48
8B
45
F4
E9
6F
E7
FF
FF
85
C0
EB
0A
68
68
68
68
68
68
68
68
68
68
0F
84
10
01
00
00
80
E2
AC
8B
54
24
14
8B
F6
81
C6
C6
4B
E9
13
21
D6
03
74
24
10
81
F6
97
58
0B
23
8B
74
24
14
2B
D1
86
C0
8A
12
90
EB
79
C2
8A
76
2B
F3
46
5E
66
2B
DA
66
81
EB
37
6A
5B
C9
EB
1D
68
68
68
68
68
68
68
68
68
68
68
68
68
68
68
68
68
68
68
68
68
68
68
68
68
68
68
68
68
C3
EB
17
68
68
68
68
68
68
68
68
68
68
68
68
68
68
68
68
68
68
68
68
68
68
68
68
68
68
68
68
F3
A4
EB
1D
68
68
68
68
68
68
68
68
68
68
68
68
68
68
68
68
68
68
68
68
68
68
68
68
68
68
68
68
68
FF
75
F8
90
E9
AA
00
00
00
FF
44
24
14
66
8B
C9
48
8A
C0
88
16
EB
19
68
68
68
68
68
68
68
68
68
68
68
68
68
68
68
68
68
68
68
68
68
68
68
68
68
0F
85
32
FF
FF
FF
EB
35
1A
6B
6F
E8
35
E3
FF
FF
52
5A
89
45
EC
56
5E
81
E1
66
37
2A
43
8B
4D
EC
2B
F1
8B
75
E8
FF
35
B8
45
00
10
81
EF
53
64
E3
5E
81
CF
B5
33
3D
58
5F
E9
23
01
00
00
E9
06
00
00
00
89
54
24
0C
8A
C9
89
4C
24
08
90
E9
09
07
00
00
E8
D5
E2
FF
FF
67
90
85
F6
EB
21
68
68
68
68
68
68
68
68
68
68
68
68
68
68
68
68
68
68
68
68
68
68
68
68
68
68
68
68
68
68
68
68
68
EB
6A
6E
80
8D
E8
18
E6
FF
FF
67
90
53
66
90
E8
0E
E6
FF
FF
86
D2
81
CF
98
24
8E
0F
81
F7
0D
08
F4
75
03
7C
24
10
8B
7D
E8
66
D3
E0
66
B8
20
5E
33
44
24
00
80
C8
68
8B
87
A0
00
00
00
85
C0
EB
20
68
68
68
68
68
68
68
68
68
68
68
68
68
68
68
68
68
68
68
68
68
68
68
68
68
68
68
68
68
68
68
68
0F
84
E5
03
00
00
EB
53
AF
24
0A
0F
85
B4
02
00
00
83
F8
02
87
C9
0F
85
EB
01
00
00
8D
4C
24
10
EB
15
68
68
68
68
68
68
68
68
68
68
68
68
68
68
68
68
68
68
68
68
68
E8
11
E2
FF
FF
90
85
C0
EB
15
68
68
68
68
68
68
68
68
68
68
68
68
68
68
68
68
68
68
68
68
68
E9
2A
01
00
00
66
4A
8B
54
24
14
8B
15
B8
45
00
10
33
F0
8B
F2
03
C2
57
5F
2B
35
9C
45
00
10
66
90
E9
B1
02
00
00
EB
48
B6
08
C5
F3
A4
EB
1D
68
68
68
68
68
68
68
68
68
68
68
68
68
68
68
68
68
68
68
68
68
68
68
68
68
68
68
68
68
FF
75
F4
50
58
E8
15
E5
FF
FF
87
C0
53
8A
C0
E8
0B
E5
FF
FF
8A
C0
33
FD
0B
7C
24
0C
8B
7D
E4
E9
91
00
00
00
8A
CB
8B
48
04
83
E9
08
8A
DB
D1
E9
EB
1A
68
68
68
68
68
68
68
68
68
68
68
68
68
68
68
68
68
68
68
68
68
68
68
68
68
68
85
C9
EB
1A
68
68
68
68
68
68
68
68
68
68
68
68
68
68
68
68
68
68
68
68
68
68
68
68
68
68
8D
58
08
EB
17
68
68
68
68
68
68
68
68
68
68
68
68
68
68
68
68
68
68
68
68
68
68
68
89
5D
F8
EB
1A
68
68
68
68
68
68
68
68
68
68
68
68
68
68
68
68
68
68
68
68
68
68
68
68
68
68
0F
8E
DB
01
00
00
89
4D
F4
67
90
E9
BA
00
00
00
66
D3
C0
0B
44
24
08
8A
C2
09
D8
21
E8
8B
87
A0
00
00
00
85
C0
EB
0C
68
68
68
68
68
68
68
68
68
68
68
68
0F
84
9F
04
00
00
EB
4E
2F
4C
26
0F
84
F1
04
00
00
66
D3
C1
66
03
CA
23
4C
24
14
8B
4C
24
14
2B
4C
24
08
8A
DB
D2
CA
66
BA
08
73
8B
54
24
14
8A
09
90
FF
44
24
14
87
F6
48
86
C9
88
0A
EB
12
68
68
68
68
68
68
68
68
68
68
68
68
68
68
68
68
68
68
EB
2F
4C
4C
C1
FF
35
B8
45
00
10
23
54
24
20
66
21
CA
5A
81
F6
4B
3A
54
54
81
E6
3A
36
D4
7A
81
EE
29
24
68
50
46
4E
8B
F2
03
C2
90
E9
89
00
00
00
0F
85
89
FF
FF
FF
E9
75
04
00
00
83
E8
03
87
C0
E9
AF
00
00
00
66
D3
E9
21
C9
8B
4D
F8
0F
B7
09
EB
0F
68
68
68
68
68
68
68
68
68
68
68
68
68
68
68
23
5C
24
1C
66
21
DB
8B
D9
66
81
E3
00
F0
66
90
66
81
FB
00
30
86
C0
0F
85
30
00
00
00
81
E1
FF
0F
00
00
87
E4
03
08
87
DB
03
CA
8B
D2
90
90
90
90
90
01
31
66
87
C9
66
4A
8A
D0
D2
E2
B2
CD
66
81
CA
BB
3D
83
E2
00
03
15
B8
45
00
10
83
45
F8
02
53
5B
EB
7D
64
35
23
2B
35
9C
45
00
10
66
90
E9
82
03
00
00
80
F1
CA
8B
48
04
83
E9
08
67
90
D1
E9
EB
1A
68
68
68
68
68
68
68
68
68
68
68
68
68
68
68
68
68
68
68
68
68
68
68
68
68
68
E9
7D
00
00
00
E9
07
00
00
00
48
67
90
48
66
87
C9
0B
4C
24
18
8B
4C
24
10
0F
B6
09
EB
21
68
68
68
68
68
68
68
68
68
68
68
68
68
68
68
68
68
68
68
68
68
68
68
68
68
68
68
68
68
68
68
68
68
EB
69
76
C7
74
FF
4D
F4
EB
1E
68
68
68
68
68
68
68
68
68
68
68
68
68
68
68
68
68
68
68
68
68
68
68
68
68
68
68
68
68
68
0F
85
E9
FE
FF
FF
03
40
04
8B
FF
83
38
00
66
90
0F
85
8E
FD
FF
FF
E9
AE
00
00
00
85
C9
EB
1F
68
68
68
68
68
68
68
68
68
68
68
68
68
68
68
68
68
68
68
68
68
68
68
68
68
68
68
68
68
68
68
E9
C6
00
00
00
C1
E0
08
EB
1E
68
68
68
68
68
68
68
68
68
68
68
68
68
68
68
68
68
68
68
68
68
68
68
68
68
68
68
68
68
68
03
C1
87
C0
FF
44
24
10
86
DB
8D
4C
24
10
EB
11
68
68
68
68
68
68
68
68
68
68
68
68
68
68
68
68
68
2B
F2
8B
F0
81
EE
EE
78
D1
61
21
CE
81
EE
D5
24
7E
4C
8B
F0
90
90
90
90
90
E8
86
DE
FF
FF
86
DB
81
FE
00
7D
00
00
8A
DB
0F
82
02
00
00
00
40
90
81
FE
00
05
00
00
90
0F
82
CA
00
00
00
E9
C1
00
00
00
E8
5F
E0
FF
FF
66
87
C9
8B
40
0C
53
5B
8B
40
1C
86
D2
8B
00
87
C0
46
8B
F5
81
CE
C1
03
CA
28
8B
74
24
0C
8B
70
08
68
84
9B
50
F2
66
8B
C0
66
48
08
C8
80
E0
CA
2B
44
24
08
8B
C6
E9
CC
00
00
00
8D
58
08
EB
1D
68
68
68
68
68
68
68
68
68
68
68
68
68
68
68
68
68
68
68
68
68
68
68
68
68
68
68
68
68
89
5D
F4
EB
0D
68
68
68
68
68
68
68
68
68
68
68
68
68
0F
8E
AA
01
00
00
89
4D
F0
8A
D2
D2
E9
8B
4D
F4
0F
B7
09
EB
21
68
68
68
68
68
68
68
68
68
68
68
68
68
68
68
68
68
68
68
68
68
68
68
68
68
68
68
68
68
68
68
68
68
03
DB
8B
D9
66
81
E3
00
F0
66
8B
C0
66
81
FB
00
30
90
E9
9F
00
00
00
40
66
87
DB
81
FE
80
00
00
00
54
5C
0F
83
07
00
00
00
40
8A
C0
40
66
87
DB
85
C0
EB
17
68
68
68
68
68
68
68
68
68
68
68
68
68
68
68
68
68
68
68
68
68
68
68
0F
84
91
01
00
00
2A
C9
03
4C
24
08
8A
C8
8B
4C
24
14
E9
42
01
00
00
E8
8C
DF
FF
FF
90
89
45
F8
66
87
C9
68
A1
F9
12
A4
66
8B
D2
2B
C2
81
E0
CA
74
19
67
80
C0
2F
8B
C6
E8
6B
DF
FF
FF
66
8B
C0
80
EB
B2
8B
9F
80
00
00
00
85
DB
EB
19
68
68
68
68
68
68
68
68
68
68
68
68
68
68
68
68
68
68
68
68
68
68
68
68
68
EB
44
E5
F1
08
0F
85
30
00
00
00
81
E1
FF
0F
00
00
66
8B
D2
03
08
8A
C9
03
CA
8A
D2
01
31
53
5B
D3
C2
81
C2
49
03
2B
6F
BA
26
7E
13
6E
66
09
CA
BA
00
00
00
00
03
15
B8
45
00
10
83
45
F4
02
86
D2
EB
65
F7
96
F3
59
EB
0F
68
68
68
68
68
68
68
68
68
68
68
68
68
68
68
59
EB
1D
68
68
68
68
68
68
68
68
68
68
68
68
68
68
68
68
68
68
68
68
68
68
68
68
68
68
68
68
68
89
45
E8
EB
0C
68
68
68
68
68
68
68
68
68
68
68
68
0F
84
26
05
00
00
20
C0
8B
44
24
0C
0B
44
24
04
8B
05
B8
45
00
10
03
D8
86
D2
E9
98
00
00
00
FF
4D
F0
EB
16
68
68
68
68
68
68
68
68
68
68
68
68
68
68
68
68
68
68
68
68
68
68
0F
85
5B
FE
FF
FF
03
40
04
67
90
83
38
00
66
90
0F
85
73
FC
FF
FF
E8
2B
DE
FF
FF
66
87
C9
8B
40
0C
90
8B
40
1C
8A
C9
8B
00
87
E4
EB
62
E0
FF
1D
FE
CA
03
54
24
0C
23
54
24
18
66
09
DA
8B
D3
8B
54
24
14
2B
CE
90
8A
09
87
E4
FF
44
24
14
90
48
8A
D2
88
0A
EB
12
68
68
68
68
68
68
68
68
68
68
68
68
68
68
68
68
68
68
0F
85
6F
FE
FF
FF
89
74
24
08
90
33
F6
66
8B
D2
EB
64
C2
4A
09
E9
65
04
00
00
48
32
C3
D3
E8
8B
43
0C
EB
7F
7E
99
C0
8B
F1
03
74
24
1C
8B
70
08
68
84
9B
50
F2
8A
D2
23
44
24
10
81
F0
09
6B
C5
34
66
81
F0
2D
6E
66
21
D8
8B
C6
E8
C7
DD
FF
FF
90
83
65
FC
00
66
90
D3
C9
20
C1
FE
C9
66
81
C9
B6
03
FE
C9
59
89
45
F4
8B
E4
68
A1
F9
12
A4
66
90
EB
7C
C3
82
1F
46
66
90
E9
C6
00
00
00
80
C8
8A
8B
44
24
10
2A
CB
66
D3
E1
8B
4C
24
14
8A
00
8B
DB
FF
44
24
14
66
90
FF
44
24
10
86
DB
E9
98
00
00
00
03
05
B8
45
00
10
8B
E4
50
56
5E
FF
55
E8
8B
ED
83
F8
FF
66
90
89
45
F4
EB
1D
68
68
68
68
68
68
68
68
68
68
68
68
68
68
68
68
68
68
68
68
68
68
68
68
68
68
68
68
68
0F
84
93
DE
FF
FF
21
EF
81
EF
58
64
C6
10
8B
3B
E9
8C
00
00
00
33
C7
81
C8
B9
20
93
22
2A
C1
66
81
F0
87
3A
66
81
E8
CB
59
58
05
E8
03
00
00
87
F6
50
8A
DB
8F
45
FC
90
FF
75
FC
86
C9
D3
E0
8B
C6
E8
F7
DC
FF
FF
66
90
66
03
D8
66
81
CB
B4
2D
FE
C3
8B
5C
24
0C
8B
9F
80
00
00
00
EB
67
E8
1F
75
88
01
8A
C9
33
F6
66
87
D2
83
7C
24
0C
00
66
8B
C0
0F
84
F7
E3
FF
FF
08
D0
66
2B
C1
8B
44
24
14
D3
EF
47
23
7C
24
24
D3
C7
03
FA
5F
2B
C3
54
5C
D3
E6
D3
CE
2B
F6
5E
D3
EC
8B
E5
EB
45
B6
20
01
85
FF
EB
1B
68
68
68
68
68
68
68
68
68
68
68
68
68
68
68
68
68
68
68
68
68
68
68
68
68
68
68
EB
42
10
43
F7
85
DB
EB
15
68
68
68
68
68
68
68
68
68
68
68
68
68
68
68
68
68
68
68
68
68
EB
4B
6F
C0
7E
BD
1A
30
A7
21
8B
EC
D3
CD
5D
C3
EB
0F
68
68
68
68
68
68
68
68
68
68
68
68
68
68
68
68
68
68
68
68
0F
85
74
00
00
00
D3
C7
81
F7
B3
03
CF
05
81
C7
AC
4E
11
20
81
EF
75
15
6C
2D
BF
97
44
F7
56
8B
7B
10
EB
56
E7
20
C9
59
EB
10
68
68
68
68
68
68
68
68
68
68
68
68
68
68
68
68
89
45
E4
EB
16
68
68
68
68
68
68
68
68
68
68
68
68
68
68
68
68
68
68
68
68
68
68
0F
84
3B
02
00
00
68
00
00
00
00
B0
5B
D2
C0
58
03
05
B8
45
00
10
03
D8
66
8B
DB
E9
15
02
00
00
EB
26
E6
B5
65
48
80
E0
D9
8B
05
B8
45
00
10
D3
CE
2B
F1
D3
EE
81
E6
F0
56
38
3F
8B
73
10
03
F8
66
8B
C0
EB
71
83
23
0E
66
81
E0
ED
34
D2
E8
8B
43
0C
03
05
B8
45
00
10
66
8B
D2
50
87
C9
FF
55
E4
66
87
DB
83
F8
FF
66
87
D2
89
45
F0
EB
1A
68
68
68
68
68
68
68
68
68
68
68
68
68
68
68
68
68
68
68
68
68
68
68
68
68
68
0F
84
9B
01
00
00
4F
8B
3B
85
FF
EB
1B
68
68
68
68
68
68
68
68
68
68
68
68
68
68
68
68
68
68
68
68
68
68
68
68
68
68
68
EB
42
6C
BE
85
03
F0
66
90
E9
F8
00
00
00
0F
89
66
00
00
00
0F
B7
07
EB
21
68
68
68
68
68
68
68
68
68
68
68
68
68
68
68
68
68
68
68
68
68
68
68
68
68
68
68
68
68
68
68
68
68
E9
5B
00
00
00
EB
39
5E
EA
BE
0F
85
05
00
00
00
2B
FC
8B
7B
10
68
00
00
00
00
66
81
C0
94
3C
81
C0
B6
24
5D
1D
58
03
05
B8
45
00
10
8B
F2
D3
EE
8B
73
10
03
F8
55
5D
03
F0
67
90
EB
2B
26
D2
D5
FF
35
B8
45
00
10
66
D3
C9
66
81
E1
AB
3E
8A
C9
03
4C
24
04
D3
C1
59
03
C1
54
5C
83
C0
02
66
90
50
86
D2
EB
4D
09
44
F3
E9
AE
00
00
00
0F
89
1A
00
00
00
0F
B7
07
EB
10
68
68
68
68
68
68
68
68
68
68
68
68
68
68
68
68
E9
1D
00
00
00
80
C9
9B
66
B9
44
75
66
81
E9
CA
3A
8B
0D
B8
45
00
10
03
C1
66
87
C9
83
C0
02
66
8B
D2
50
67
90
EB
53
AD
B0
76
FF
75
F4
87
DB
FF
55
F8
8B
C9
89
06
67
90
83
C7
04
66
8B
C0
83
C6
04
66
87
C0
80
E0
BC
D3
C0
66
8B
C3
8B
07
85
C0
EB
1D
68
68
68
68
68
68
68
68
68
68
68
68
68
68
68
68
68
68
68
68
68
68
68
68
68
68
68
68
68
0F
85
D7
FE
FF
FF
E9
53
DB
FF
FF
FF
75
F0
57
5F
FF
55
F4
8A
C9
89
06
66
87
D2
83
C7
04
87
C0
83
C6
04
87
ED
2B
44
24
0C
81
E0
67
4F
23
27
D3
E0
03
C0
8B
07
85
C0
EB
0A
68
68
68
68
68
68
68
68
68
68
0F
85
2E
FF
FF
FF
83
C3
14
66
87
DB
90
90
90
90
90
83
7B
10
00
67
90
0F
85
07
FE
FF
FF
E8
65
D9
FF
FF
90
EB
32
62
D0
24
83
7B
10
00
90
0F
85
90
FB
FF
FF
E8
4F
D9
FF
FF
54
5C
8B
40
0C
90
D2
E9
8B
48
0C
8A
C2
66
B8
2F
39
83
E0
00
03
05
B8
45
00
10
EB
31
B6
2C
F9
8B
40
0C
8B
C0
66
B9
CC
35
66
D3
E1
66
8B
CB
8B
48
0C
FF
35
B8
45
00
10
D3
E8
81
E0
46
1C
E3
28
66
B8
BA
6C
D3
C8
D2
C8
58
EB
31
C5
B7
50
8B
F8
03
FE
2B
FF
5F
81
F6
D9
53
53
7F
09
DE
D3
CE
5E
02
DA
08
D3
66
33
D9
0B
5C
24
14
66
4B
5B
8B
09
8B
ED
39
41
18
8B
C0
EB
32
B2
1B
54
8B
09
67
90
39
41
18
54
5C
0F
85
F1
FF
FF
FF
66
81
CA
E5
2F
81
F2
A7
77
B3
7C
80
C2
26
02
D2
BA
00
00
00
00
03
15
98
45
00
10
EB
7A
6C
D1
2B
0F
85
BD
FF
FF
FF
68
00
00
00
00
66
81
EA
32
29
8A
D3
FE
CA
5A
03
15
98
45
00
10
03
D0
8B
C9
89
51
1C
67
90
FF
35
B8
45
00
10
66
48
B0
0F
66
D3
E0
58
01
05
98
45
00
10
54
5C
C9
EB
1F
68
68
68
68
68
68
68
68
68
68
68
68
68
68
68
68
68
68
68
68
68
68
68
68
68
68
68
68
68
68
68
C3
EB
13
68
68
68
68
68
68
68
68
68
68
68
68
68
68
68
68
68
68
68
68
68
68
68
68
03
D0
66
87
D2
2B
7C
24
00
D3
E7
D3
E7
D3
EF
21
EF
5F
89
51
1C
90
FF
35
B8
45
00
10
D2
C8
66
81
E8
24
10
2B
44
24
00
2B
C6
81
C0
FF
4F
32
3C
58
01
05
98
45
00
10
90
8B
F6
81
CE
DD
65
D8
3A
5E
21
C3
03
DB
4B
D2
C3
5B
C9
EB
10
68
68
68
68
68
68
68
68
68
68
68
68
68
68
68
68
C3
EB
15
68
68
68
68
68
68
68
68
68
68
68
68
68
68
68
68
68
68
68
68
68
68
68
68
68
68
00
00
00
00
00
00
00
00
00
00
00
00
00
00
00
00
00
00
00
00
00
00
00
00
00
00
00
00
00
00
00
00
00
00
00
00
00
00
00
00
00
00
00
00
00
00
00
00
00
00
00
00
00
00
00
00
00
00
00
2C
41
00
00
00
00
00
00
00
00
00
00
80
AB
00
00
