56
8B
F1
83
3E
00
75
1C
57
8B
3D
00
20
40
00
68
AC
20
40
00
FF
D7
68
9C
20
40
00
FF
D7
85
C0
89
06
5F
74
12
8B
06
68
B4
20
40
00
50
FF
15
08
20
40
00
85
C0
75
09
B8
FF
00
00
00
5E
C2
0C
00
8B
4C
24
10
8B
54
24
0C
51
8B
4C
24
0C
52
8B
16
51
52
FF
D0
F7
D8
1B
C0
40
5E
C2
0C
00
CC
CC
CC
CC
53
8B
1D
70
20
40
00
55
8B
6C
24
0C
56
57
8B
3D
68
20
40
00
33
F6
6A
00
55
FF
D3
85
C0
74
0F
6A
00
6A
00
6A
10
50
FF
D7
46
83
FE
14
72
E8
5F
5E
5D
5B
C3
CC
CC
CC
CC
CC
CC
CC
CC
CC
CC
CC
CC
CC
51
A1
14
30
40
00
56
50
E8
B3
FF
FF
FF
8B
0D
10
30
40
00
51
E8
A7
FF
FF
FF
8B
35
00
20
40
00
83
C4
08
68
AC
20
40
00
FF
D6
68
9C
20
40
00
FF
D6
85
C0
89
44
24
04
75
1C
50
68
20
21
40
00
68
FC
20
40
00
50
FF
15
6C
20
40
00
B8
FF
00
00
00
5E
59
C2
10
00
8B
54
24
18
8B
44
24
14
8B
4C
24
0C
52
50
51
8D
4C
24
10
E8
F4
FE
FF
FF
8B
F0
8B
44
24
04
85
C0
74
07
50
FF
15
04
20
40
00
8B
C6
5E
59
C2
10
00
83
EC
04
60
B8
10
00
00
00
8D
54
40
10
52
BA
01
00
00
00
C1
E2
0C
52
B8
01
00
00
00
C1
E0
0B
50
6A
00
FF
15
0C
20
40
00
89
C1
68
F0
43
40
00
5B
BA
00
00
00
00
09
DA
81
C2
10
BC
BF
FF
52
51
8B
33
56
5F
83
C3
25
83
EB
21
8D
74
3B
FF
8A
16
8D
74
39
FF
C6
06
00
00
16
4F
85
FF
75
EC
58
8D
70
01
89
06
FF
D0
00
0F
95
C0
89
45
E4
89
5D
FC
6A
02
FF
15
54
20
40
00
59
83
0D
34
30
40
00
FF
83
0D
38
30
40
00
FF
FF
15
50
20
40
00
8B
0D
2C
30
40
00
89
08
FF
15
4C
20
40
00
8B
0D
28
30
40
00
89
08
A1
48
20
40
00
8B
00
A3
30
30
40
00
E8
91
01
00
00
E8
2C
02
00
00
39
1D
18
30
40
00
75
0C
68
08
14
40
00
FF
15
18
20
40
00
59
E8
01
02
00
00
68
0C
30
40
00
68
08
30
40
00
E8
EC
01
00
00
68
AC
13
40
00
E8
48
01
00
00
A1
24
30
40
00
89
45
D8
8D
45
D8
50
FF
35
20
30
40
00
8D
45
D0
50
8D
45
CC
50
8D
45
C8
50
FF
15
3C
20
40
00
83
C4
20
89
45
C4
3B
C3
7D
08
6A
08
E8
E7
00
00
00
59
68
04
30
40
00
68
00
30
40
00
E8
9D
01
00
00
59
59
A1
34
20
40
00
8B
30
89
75
DC
8A
06
3C
20
77
5D
3A
C3
74
05
39
5D
E0
75
54
8A
06
3A
C3
74
0A
3C
20
77
06
46
89
75
DC
EB
F0
89
5D
A8
8D
85
7C
FF
FF
FF
50
FF
15
10
20
40
00
F6
45
A8
01
74
06
0F
B7
45
AC
EB
03
6A
0A
58
50
56
53
53
FF
D7
50
E8
F7
FD
FF
FF
8B
F0
89
75
C0
39
5D
E4
75
07
56
FF
15
30
20
40
00
FF
15
2C
20
40
00
EB
55
3C
22
75
0B
33
C9
39
5D
E0
0F
94
C1
89
4D
E0
0F
B6
C0
50
FF
15
28
20
40
00
59
85
C0
74
04
46
89
75
DC
46
E9
72
FF
FF
FF
8B
45
EC
8B
08
8B
09
89
4D
D4
50
51
E8
29
00
00
00
59
59
C3
8B
65
E8
8B
75
D4
83
7D
E4
00
75
07
56
FF
15
20
20
40
00
FF
15
1C
20
40
00
83
4D
FC
FF
8B
C6
E8
25
01
00
00
C3
CC
FF
25
24
20
40
00
FF
25
44
20
40
00
83
3D
38
30
40
00
FF
75
06
FF
25
60
20
40
00
68
34
30
40
00
68
38
30
40
00
FF
74
24
0C
E8
0C
01
00
00
83
C4
0C
C3
FF
74
24
04
E8
D1
FF
FF
FF
F7
D8
1B
C0
F7
D8
59
48
C3
6A
0C
68
40
21
40
00
E8
98
00
00
00
C7
45
E4
08
22
40
00
81
7D
E4
08
22
40
00
73
22
83
65
FC
00
8B
45
E4
8B
00
85
C0
74
0B
FF
D0
EB
07
33
C0
40
C3
8B
65
E8
83
4D
FC
FF
83
45
E4
04
EB
D5
E8
9C
00
00
00
C3
6A
0C
68
50
21
40
00
E8
54
00
00
00
C7
45
E4
10
22
40
00
81
7D
E4
10
22
40
00
73
22
83
65
FC
00
8B
45
E4
8B
00
85
C0
74
0B
FF
D0
EB
07
33
C0
40
C3
8B
65
E8
83
4D
FC
FF
83
45
E4
04
EB
D5
E8
58
00
00
00
C3
FF
25
40
20
40
00
68
00
00
03
00
68
00
00
01
00
E8
5F
00
00
00
59
59
C3
33
C0
C3
CC
68
58
14
40
00
64
A1
00
00
00
00
50
8B
44
24
10
89
6C
24
10
8D
6C
24
10
2B
E0
53
56
57
8B
45
F8
89
65
E8
50
8B
45
FC
C7
45
FC
FF
FF
FF
FF
89
45
F8
8D
45
F0
64
A3
00
00
00
00
C3
8B
4D
F0
64
89
0D
00
00
00
00
59
5F
5E
5B
C9
51
C3
FF
25
58
20
40
00
FF
25
5C
20
40
00
FF
25
38
20
40
00
00
00
00
00
00
00
00
00
00
00
00
00
00
00
00
00
00
00
00
00
00
00
00
00
00
00
00
00
00
00
00
00
00
00
00
00
00
00
00
00
00
00
00
00
00
00
00
00
00
00
00
00
00
00
00
00
00
00
00
00
00
00
00
00
00
00
00
00
00
00
00
00
00
00
00
00
00
00
00
00
00
00
00
00
00
00
00
00
00
00
00
00
00
00
00
00
00
00
00
00
00
00
00
00
00
00
00
00
00
00
00
00
00
00
00
00
00
00
00
00
00
00
00
00
00
00
00
00
00
00
00
00
00
00
00
00
00
00
00
00
00
00
00
00
00
00
00
00
00
00
00
00
00
00
00
00
00
00
00
00
00
00
00
00
00
00
00
00
00
00
00
00
00
00
00
00
00
00
00
00
00
00
00
00
00
00
00
00
00
00
00
00
00
00
00
00
00
00
00
00
00
00
00
00
00
00
00
00
00
00
00
00
00
00
00
00
00
00
00
00
00
00
00
00
00
00
00
00
00
00
00
00
00
00
00
00
00
00
00
00
00
00
00
00
00
00
00
00
00
00
00
00
00
00
00
00
00
00
00
00
00
00
00
00
00
00
00
00
00
00
00
00
00
00
00
00
00
00
00
00
00
00
00
00
00
00
00
00
00
00
00
00
00
00
00
00
00
00
00
00
00
00
00
00
00
00
00
00
00
00
00
00
00
00
00
00
00
00
00
00
00
00
00
00
00
00
00
00
00
00
00
00
00
00
00
00
00
00
00
00
00
00
00
00
00
00
00
00
00
00
00
00
00
00
00
00
00
00
00
00
00
00
00
00
00
00
00
00
00
00
00
00
00
00
00
00
00
00
00
00
00
00
00
00
00
00
00
00
00
00
00
00
00
00
00
00
00
00
00
00
00
00
00
00
00
00
