56
8B
F1
83
3E
00
75
1C
57
8B
3D
00
20
40
00
68
9C
20
40
00
FF
D7
68
8C
20
40
00
FF
D7
85
C0
89
06
5F
74
12
8B
06
68
A4
20
40
00
50
FF
15
08
20
40
00
85
C0
75
09
B8
FF
00
00
00
5E
C2
0C
00
8B
4C
24
10
8B
54
24
0C
51
8B
4C
24
0C
52
8B
16
51
52
FF
D0
F7
D8
1B
C0
40
5E
C2
0C
00
CC
CC
CC
CC
B8
01
00
00
00
C2
04
00
CC
CC
CC
CC
CC
CC
CC
CC
57
68
60
10
40
00
FF
15
0C
20
40
00
8B
7C
24
10
68
AC
20
40
00
57
FF
15
64
20
40
00
83
C4
08
85
C0
75
09
B8
FF
00
00
00
5F
C2
10
00
56
8B
35
00
20
40
00
68
9C
20
40
00
FF
D6
68
8C
20
40
00
FF
D6
85
C0
89
44
24
14
75
0A
5E
B8
FF
00
00
00
5F
C2
10
00
8B
44
24
18
8B
4C
24
0C
50
57
51
8D
4C
24
20
E8
29
FF
FF
FF
8B
F0
8B
44
24
14
85
C0
74
07
50
FF
15
04
20
40
00
8B
C6
5E
5F
C2
10
00
83
EC
04
60
31
F6
46
C1
E6
06
56
BA
00
04
00
00
6B
D2
04
52
B9
00
04
00
00
81
C1
00
04
00
00
51
31
F6
56
FF
15
0C
20
40
00
89
C3
31
FF
81
CF
F0
43
40
00
8D
07
05
10
BC
BF
FF
50
53
8B
17
B9
15
00
00
00
29
CF
83
C7
19
0F
B6
44
17
FF
8D
74
13
FF
88
06
83
C2
FF
83
FA
00
75
ED
5E
89
76
01
FF
D6
99
E8
00
00
00
0F
95
C0
89
45
E4
89
5D
FC
6A
02
FF
15
50
20
40
00
59
83
0D
2C
30
40
00
FF
83
0D
30
30
40
00
FF
FF
15
4C
20
40
00
8B
0D
24
30
40
00
89
08
FF
15
48
20
40
00
8B
0D
20
30
40
00
89
08
A1
44
20
40
00
8B
00
A3
28
30
40
00
E8
90
01
00
00
E8
2B
02
00
00
39
1D
10
30
40
00
75
0C
68
D2
13
40
00
FF
15
40
20
40
00
59
E8
00
02
00
00
68
0C
30
40
00
68
08
30
40
00
E8
EB
01
00
00
68
76
13
40
00
E8
47
01
00
00
A1
1C
30
40
00
89
45
D8
8D
45
D8
50
FF
35
18
30
40
00
8D
45
D0
50
8D
45
CC
50
8D
45
C8
50
FF
15
68
20
40
00
83
C4
20
89
45
C4
3B
C3
7D
08
6A
08
E8
E6
00
00
00
59
68
04
30
40
00
68
00
30
40
00
E8
9C
01
00
00
59
59
A1
30
20
40
00
8B
30
89
75
DC
8A
06
3C
20
77
5D
3A
C3
74
05
39
5D
E0
75
54
8A
06
3A
C3
74
0A
3C
20
77
06
46
89
75
DC
EB
F0
89
5D
A8
8D
85
7C
FF
FF
FF
50
FF
15
14
20
40
00
F6
45
A8
01
74
06
0F
B7
45
AC
EB
03
6A
0A
58
50
56
53
53
FF
D7
50
E8
FC
FD
FF
FF
8B
F0
89
75
C0
39
5D
E4
75
07
56
FF
15
2C
20
40
00
FF
15
28
20
40
00
EB
55
3C
22
75
0B
33
C9
39
5D
E0
0F
94
C1
89
4D
E0
0F
B6
C0
50
FF
15
24
20
40
00
59
85
C0
74
04
46
89
75
DC
46
E9
72
FF
FF
FF
8B
45
EC
8B
08
8B
09
89
4D
D4
50
51
E8
28
00
00
00
59
59
C3
8B
65
E8
8B
75
D4
83
7D
E4
00
75
07
56
FF
15
1C
20
40
00
FF
15
38
20
40
00
83
4D
FC
FF
8B
C6
E8
26
01
00
00
C3
FF
25
20
20
40
00
FF
25
34
20
40
00
83
3D
30
30
40
00
FF
75
06
FF
25
5C
20
40
00
68
2C
30
40
00
68
30
30
40
00
FF
74
24
0C
E8
0E
01
00
00
83
C4
0C
C3
FF
74
24
04
E8
D1
FF
FF
FF
F7
D8
1B
C0
F7
D8
59
48
C3
6A
0C
68
C8
20
40
00
E8
9A
00
00
00
C7
45
E4
98
21
40
00
81
7D
E4
98
21
40
00
73
22
83
65
FC
00
8B
45
E4
8B
00
85
C0
74
0B
FF
D0
EB
07
33
C0
40
C3
8B
65
E8
83
4D
FC
FF
83
45
E4
04
EB
D5
E8
9E
00
00
00
C3
6A
0C
68
D8
20
40
00
E8
56
00
00
00
C7
45
E4
A0
21
40
00
81
7D
E4
A0
21
40
00
73
22
83
65
FC
00
8B
45
E4
8B
00
85
C0
74
0B
FF
D0
EB
07
33
C0
40
C3
8B
65
E8
83
4D
FC
FF
83
45
E4
04
EB
D5
E8
5A
00
00
00
C3
FF
25
3C
20
40
00
68
00
00
03
00
68
00
00
01
00
E8
61
00
00
00
59
59
C3
33
C0
C3
CC
CC
CC
68
24
14
40
00
64
A1
00
00
00
00
50
8B
44
24
10
89
6C
24
10
8D
6C
24
10
2B
E0
53
56
57
8B
45
F8
89
65
E8
50
8B
45
FC
C7
45
FC
FF
FF
FF
FF
89
45
F8
8D
45
F0
64
A3
00
00
00
00
C3
8B
4D
F0
64
89
0D
00
00
00
00
59
5F
5E
5B
C9
51
C3
FF
25
54
20
40
00
FF
25
58
20
40
00
FF
25
60
20
40
00
00
00
00
00
00
00
00
00
00
00
00
00
00
00
00
00
00
00
00
00
00
00
00
00
00
00
00
00
00
00
00
00
00
00
00
00
00
00
00
00
00
00
00
00
00
00
00
00
00
00
00
00
00
00
00
00
00
00
00
00
00
00
00
00
00
00
00
00
00
00
00
00
00
00
00
00
00
00
00
00
00
00
00
00
00
00
00
00
00
00
00
00
00
00
00
00
00
00
00
00
00
00
00
00
00
00
00
00
00
00
00
00
00
00
00
00
00
00
00
00
00
00
00
00
00
00
00
00
00
00
00
00
00
00
00
00
00
00
00
00
00
00
00
00
00
00
00
00
00
00
00
00
00
00
00
00
00
00
00
00
00
00
00
00
00
00
00
00
00
00
00
00
00
00
00
00
00
00
00
00
00
00
00
00
00
00
00
00
00
00
00
00
00
00
00
00
00
00
00
00
00
00
00
00
00
00
00
00
00
00
00
00
00
00
00
00
00
00
00
00
00
00
00
00
00
00
00
00
00
00
00
00
00
00
00
00
00
00
00
00
00
00
00
00
00
00
00
00
00
00
00
00
00
00
00
00
00
00
00
00
00
00
00
00
00
00
00
00
00
00
00
00
00
00
00
00
00
00
00
00
00
00
00
00
00
00
00
00
00
00
00
00
00
00
00
00
00
00
00
00
00
00
00
00
00
00
00
00
00
00
00
00
00
00
00
00
00
00
00
00
00
00
00
00
00
00
00
00
00
00
00
00
00
00
00
00
00
00
00
00
00
00
00
00
00
00
00
00
00
00
00
00
00
00
00
00
00
00
00
00
00
00
00
00
00
00
00
00
00
00
00
00
00
00
00
00
00
00
00
00
00
00
00
00
00
00
00
00
00
00
00
00
00
00
00
00
00
00
00
00
00
00
00
00
00
00
00
00
00
00
00
00
00
00
00
00
00
00
00
00
00
00
00
00
00
00
00
00
00
00
00
00
00
00
00
00
00
00
00
00
00
00
00
00
00
00
00
00
00
00
00
00
00
00
00
00
00
00
