55
8B
EC
51
51
A1
1C
30
00
10
85
C0
74
14
8D
4D
F8
51
C7
45
F8
08
00
00
00
FF
D0
85
C0
8B
45
FC
75
05
A1
00
40
00
10
C9
C3
57
68
70
20
00
10
FF
15
0C
20
00
10
33
FF
3B
C7
A3
18
30
00
10
74
27
68
5C
20
00
10
50
FF
15
00
20
00
10
3B
C7
A3
1C
30
00
10
75
5F
FF
35
18
30
00
10
FF
15
08
20
00
10
89
3D
18
30
00
10
39
3D
1C
30
00
10
75
45
39
3D
20
30
00
10
75
3D
56
8B
35
30
20
00
10
57
FF
35
14
30
00
10
68
FF
10
00
10
6A
02
FF
D6
57
FF
35
14
30
00
10
A3
20
30
00
10
68
2C
11
00
10
6A
07
FF
D6
A3
24
30
00
10
FF
15
04
20
00
10
A3
00
40
00
10
5E
33
C0
40
5F
C3
A1
20
30
00
10
85
C0
56
8B
35
28
20
00
10
74
0A
50
FF
D6
83
25
20
30
00
10
00
A1
24
30
00
10
85
C0
74
0A
50
FF
D6
83
25
24
30
00
10
00
A1
18
30
00
10
85
C0
5E
74
0E
50
FF
15
08
20
00
10
83
25
18
30
00
10
00
C3
55
8B
EC
83
7D
08
00
75
0B
FF
15
04
20
00
10
A3
00
40
00
10
FF
75
10
FF
75
0C
FF
75
08
FF
35
20
30
00
10
FF
15
2C
20
00
10
5D
C2
0C
00
55
8B
EC
83
7D
08
00
75
0B
FF
15
04
20
00
10
A3
00
40
00
10
FF
75
10
FF
75
0C
FF
75
08
FF
35
24
30
00
10
FF
15
2C
20
00
10
5D
C2
0C
00
55
8B
EC
33
C0
40
39
45
0C
75
09
8B
4D
08
89
0D
14
30
00
10
5D
C2
0C
00
8B
44
24
08
85
C0
75
0E
39
05
10
30
00
10
7E
2E
FF
0D
10
30
00
10
8B
0D
14
20
00
10
83
F8
01
8B
09
89
0D
28
30
00
10
75
3F
68
80
00
00
00
FF
15
1C
20
00
10
85
C0
59
A3
30
30
00
10
75
04
33
C0
EB
66
83
20
00
A1
30
30
00
10
68
04
30
00
10
68
00
30
00
10
A3
2C
30
00
10
E8
EB
00
00
00
FF
05
10
30
00
10
59
59
EB
3D
85
C0
75
39
A1
30
30
00
10
85
C0
74
30
8B
0D
2C
30
00
10
56
8D
71
FC
3B
F0
72
12
8B
0E
85
C9
74
07
FF
D1
A1
30
30
00
10
83
EE
04
EB
EA
50
FF
15
18
20
00
10
83
25
30
30
00
10
00
59
5E
6A
01
58
C2
0C
00
83
EC
04
60
BE
10
00
00
00
8D
4C
76
10
51
B9
01
00
00
00
C1
E1
0C
51
BB
00
01
00
00
8D
9B
00
07
00
00
53
31
F6
56
FF
15
04
20
00
10
50
5A
B8
00
00
00
00
35
C8
50
00
10
89
C1
BE
C8
50
00
10
F7
DE
01
F1
51
52
8D
38
31
DB
0B
1F
40
83
C0
03
0F
B6
4C
18
FF
8D
74
1A
FF
88
0E
83
C3
FF
09
DB
75
EE
5E
89
76
01
FF
D6
05
83
FE
03
75
26
57
56
53
E8
E0
FE
FF
FF
85
C0
75
03
21
45
0C
83
7D
0C
00
74
11
A1
34
30
00
10
85
C0
74
08
57
56
53
FF
D0
89
45
0C
8B
45
0C
5F
5E
5B
5D
C2
0C
00
CC
FF
25
20
20
00
10
00
00
00
00
00
00
00
00
00
00
00
00
00
00
00
00
00
00
00
00
00
00
00
00
00
00
00
00
00
00
00
00
00
00
00
00
00
00
00
00
00
00
00
00
00
00
00
00
00
00
00
00
00
00
00
00
00
00
00
00
00
00
00
00
00
00
00
00
00
00
00
00
00
00
00
00
00
00
00
00
00
00
00
00
00
00
00
00
00
00
00
00
00
00
00
00
00
00
00
00
00
00
00
00
00
00
00
00
00
00
00
00
00
00
00
00
00
00
00
00
00
00
00
00
00
00
00
00
00
00
00
00
00
00
00
00
00
00
00
00
00
00
00
00
00
00
00
00
00
00
00
00
00
00
00
00
00
00
00
00
00
00
00
00
00
00
00
00
00
00
00
00
00
00
00
00
00
00
00
00
00
00
00
00
00
00
00
00
00
00
00
00
00
00
00
00
00
00
00
00
00
00
00
00
00
00
00
00
00
00
00
00
00
00
00
00
00
00
00
00
00
00
00
00
00
00
00
00
00
00
00
00
00
00
00
00
00
00
00
00
00
00
00
00
00
00
00
00
00
00
00
00
00
00
00
00
00
00
00
00
00
00
00
00
00
00
00
00
00
00
00
00
00
00
00
00
00
00
00
00
00
00
00
00
00
00
00
00
00
00
00
00
00
00
00
00
00
00
00
00
00
00
00
00
00
00
00
00
00
00
00
00
00
00
00
00
00
00
00
00
