E8
07
00
00
00
6A
00
E8
A6
00
00
00
53
56
57
68
0C
30
40
00
68
00
04
00
00
E8
A0
00
00
00
E8
A1
00
00
00
50
68
0C
30
40
00
68
00
30
40
00
68
0C
34
40
00
E8
AA
00
00
00
83
C4
10
6A
0A
6A
01
68
00
00
40
00
E8
6F
00
00
00
8B
D8
50
68
00
00
40
00
E8
7A
00
00
00
8B
F8
53
68
00
00
40
00
E8
73
00
00
00
8B
D8
6A
00
68
80
00
00
00
6A
02
6A
00
6A
02
68
00
00
00
40
68
0C
34
40
00
E8
2B
00
00
00
8B
F0
51
8B
CC
6A
00
51
53
57
56
E8
4B
00
00
00
59
56
E8
0E
00
00
00
68
0C
34
40
00
E8
28
00
00
00
5F
5E
5B
C3
FF
25
00
20
40
00
FF
25
04
20
40
00
FF
25
08
20
40
00
FF
25
0C
20
40
00
FF
25
10
20
40
00
FF
25
14
20
40
00
FF
25
18
20
40
00
FF
25
1C
20
40
00
FF
25
20
20
40
00
FF
25
24
20
40
00
FF
25
2C
20
40
00
00
00
00
00
00
00
00
00
00
00
00
00
00
00
00
00
00
00
00
00
00
00
00
00
00
00
00
00
00
00
00
00
00
00
00
00
00
00
00
00
00
00
00
00
00
00
00
00
00
00
00
00
00
00
00
00
00
00
00
00
00
00
00
00
00
00
00
00
00
00
00
00
00
00
00
00
00
00
00
00
00
00
00
00
00
00
00
00
00
00
00
00
00
00
00
00
00
00
00
00
00
00
00
00
00
00
00
00
00
00
00
00
00
00
00
00
00
00
00
00
00
00
00
00
00
00
00
00
00
00
00
00
00
00
00
00
00
00
00
00
00
00
00
00
00
00
00
00
00
00
00
00
00
00
00
00
00
00
00
00
00
00
00
00
00
00
00
00
00
00
00
00
00
00
00
00
00
00
00
00
00
00
00
00
00
00
00
00
00
00
00
00
00
00
00
00
00
00
00
00
00
00
00
00
00
00
00
00
00
00
00
00
00
00
00
00
00
00
00
00
00
00
00
00
00
00
00
00
00
00
00
00
00
00
00
00
00
00
00
00
00
00
00
00
00
00
00
00
00
00
00
00
00
00
00
00
00
00
00
00
00
00
00
00
00
00
00
00
00
00
00
00
00
00
00
00
00
00
00
00
