80
AC
2C
0C
2C
84
80
A8
00
24
A4
08
80
A8
20
2C
00
08
AC
A8
80
AC
80
AC
24
AC
20
A0
A0
24
A0
04
A8
08
A8
24
AC
08
0C
2C
08
A8
08
84
00
24
80
20
0C
A8
2C
84
24
8C
04
84
80
88
2C
8C
A4
24
8C
80
A8
84
A0
24
00
88
80
2C
A8
00
A4
A0
2C
80
2C
80
88
8C
A8
8C
A0
88
0C
00
88
0C
20
AC
AC
24
88
88
00
20
A8
AC
00
04
24
80
AC
2C
80
A8
A8
0C
20
84
80
2C
08
0C
20
A4
04
A8
0C
24
20
8C
0C
08
80
A0
24
8C
A0
A0
0C
84
AC
AC
84
0C
80
A8
04
88
08
24
0C
08
8C
8C
00
20
88
AC
0C
88
84
2C
08
80
0C
08
A8
A0
80
51
20
31
72
51
62
31
51
70
03
32
53
12
43
73
31
63
72
53
63
03
31
11
03
01
40
51
21
70
02
11
13
00
13
31
71
53
01
03
73
12
43
01
20
22
60
70
40
13
41
51
61
71
50
23
32
52
10
42
53
62
60
21
02
51
31
00
71
40
22
13
53
43
42
02
12
63
61
61
41
10
01
01
23
63
01
52
60
32
02
62
60
52
72
11
51
32
53
01
23
23
03
01
41
63
13
43
62
71
00
43
62
33
73
52
60
30
63
50
70
72
12
63
40
12
10
30
02
13
53
51
23
31
53
32
03
10
31
30
62
63
70
61
43
30
41
02
52
11
00
03
51
42
30
33
50
13
63
41
52
52
21
22
A0
20
81
08
00
01
A9
80
A8
21
89
09
01
A0
80
01
A8
21
88
21
28
08
A8
20
81
81
A9
89
89
21
81
A9
01
00
A1
89
A0
88
A8
09
81
20
29
A9
01
20
89
81
08
20
81
29
28
28
A1
29
89
88
28
A9
09
20
A8
A1
01
A0
89
20
20
20
09
01
81
A8
88
A0
88
A1
80
A1
21
80
80
A0
A0
81
A0
28
21
01
00
28
20
A8
29
89
00
08
20
88
09
81
01
08
28
88
A0
A9
00
21
20
29
80
28
A0
A8
89
A1
81
A8
A8
89
A9
20
88
A0
00
09
21
08
A1
09
21
A1
21
28
20
01
89
28
A1
01
28
00
A0
20
80
00
01
28
A8
A1
09
A0
A9
09
A8
A8
29
00
00
A0
21
02
82
00
80
00
80
00
82
82
00
82
82
02
02
80
02
82
80
00
00
82
80
82
00
82
02
02
82
00
00
02
02
82
02
00
82
00
02
82
80
02
80
82
82
00
00
02
80
82
00
82
82
82
00
82
02
82
80
02
80
02
82
82
02
82
02
80
00
02
80
00
00
82
82
02
80
00
02
82
02
00
02
80
82
82
82
02
80
00
80
00
00
00
00
00
02
80
02
82
02
80
00
02
82
00
00
02
02
00
80
00
00
82
82
80
02
00
80
80
02
82
02
02
00
02
80
00
82
82
02
82
02
80
02
02
80
00
80
82
02
80
00
82
82
80
02
00
80
82
80
80
00
82
82
82
02
02
02
02
82
82
02
82
94
34
16
82
B0
34
B6
A0
A4
14
94
04
B6
16
00
B0
36
86
A0
A2
B0
B6
A2
A4
32
22
A6
10
02
B2
24
A2
06
94
96
94
00
32
00
22
96
A2
B4
92
B4
94
B2
34
96
34
90
96
26
34
A4
12
A6
10
A6
16
94
26
84
32
22
24
24
14
84
B4
92
26
94
84
B0
80
36
A0
36
22
12
86
92
B6
94
04
12
10
06
30
04
84
20
86
06
A0
30
92
36
92
80
22
B0
16
B4
04
24
14
16
14
80
A4
04
B2
84
94
22
92
A6
34
12
A0
04
20
B2
80
A0
26
22
32
22
96
A6
16
B2
B4
84
B6
A4
86
A4
00
B6
A0
14
02
B4
84
32
84
92
84
80
B4
84
06
86
A0
84
22
A6
24
00
21
00
21
A1
00
A1
21
01
20
21
00
21
A0
21
00
A1
81
80
00
00
00
20
81
A1
01
A1
20
A1
01
00
20
21
80
20
20
01
80
A0
00
20
21
20
A0
A0
A1
21
01
81
A0
A0
00
81
01
01
A0
01
21
00
80
80
80
01
A0
A1
20
00
00
00
81
A0
00
21
21
01
20
20
80
00
00
21
A1
20
21
A1
00
21
01
20
A1
A1
A0
00
A0
A0
00
81
A1
00
A1
81
A1
00
01
00
81
80
81
A1
A1
00
01
20
81
00
20
81
20
81
80
A0
80
20
80
01
80
80
21
01
20
01
A0
20
80
21
00
A0
20
21
81
01
81
00
21
A0
21
00
21
81
00
A0
A0
81
21
01
A0
01
80
A1
80
A1
81
A1
A1
C3
43
61
A3
C3
C3
C2
E1
A0
01
A0
C1
A1
E1
43
02
C0
C1
00
C3
82
61
42
00
C3
82
03
E2
E3
82
C1
81
62
01
23
80
C1
A0
60
43
E1
02
20
42
E0
C2
E1
C2
21
23
61
61
C3
22
83
80
60
A0
21
81
43
E0
E0
E0
22
41
62
80
A0
03
C1
C3
43
42
22
A2
A0
A3
81
C0
C1
00
03
C1
63
23
63
A0
01
82
C1
62
20
C1
83
00
E3
22
C0
E1
42
A3
21
43
20
82
21
82
02
23
40
23
C0
01
81
02
41
41
40
23
E2
E0
E0
80
40
43
03
81
03
23
63
41
80
41
81
A3
C1
41
62
03
E0
A1
20
41
42
62
40
20
80
43
C3
43
82
20
61
83
82
A3
60
03
81
63
62
D5
55
1D
51
55
99
99
D1
CD
84
0C
48
CC
95
DC
4D
59
D5
08
1C
C8
09
C1
DC
DD
DC
C8
90
0C
C4
81
8D
5C
5D
4C
D4
D8
C0
55
99
9D
08
45
C4
84
4D
C4
14
84
90
08
0C
D8
1C
84
D8
DD
50
D1
C8
C1
C5
41
91
8D
84
D4
91
45
00
84
55
D1
C9
01
5C
99
88
1C
19
11
0D
5C
08
08
DC
55
C4
18
48
99
89
19
94
DD
0C
D1
5C
C5
00
51
1D
D9
08
51
01
0C
08
DD
00
11
5D
8D
5C
89
04
0C
8D
8C
C8
1C
10
40
10
91
18
C9
80
84
94
0C
4D
95
94
41
D8
89
19
5C
DC
D5
45
41
41
19
41
8D
80
0C
11
9D
C5
98
DD
48
D0
10
98
D9
14
85
95
C8
6A
2A
7E
66
4E
3A
26
04
70
12
5A
5A
62
18
3C
0A
3A
22
2C
24
26
3C
62
24
18
44
5E
50
4A
2C
5A
02
62
38
40
6C
5C
2A
10
5C
7E
2E
76
10
5A
6A
66
60
34
06
6A
3A
7E
64
22
6C
06
1A
46
0C
6C
48
42
0C
4C
20
46
44
16
08
08
34
74
0C
34
4E
16
42
08
2E
2A
3A
72
4A
46
70
64
0E
02
4E
02
22
30
7C
04
3A
34
4C
10
58
70
7C
00
60
5C
62
4E
34
6E
24
28
46
5A
66
26
22
3A
42
6E
06
24
0E
20
5A
24
74
48
20
10
5C
7E
76
62
42
56
7A
12
16
76
2C
52
6E
0A
52
0E
26
4E
72
5A
20
00
24
08
6C
78
2C
70
28
22
68
70
02
50
00
C0
40
50
D0
C0
80
40
10
40
10
50
50
D0
D0
40
80
D0
50
00
C0
D0
C0
D0
10
D0
50
10
50
00
10
90
90
50
C0
50
C0
00
C0
00
40
C0
D0
C0
50
10
C0
80
90
D0
00
40
00
90
C0
90
50
90
C0
00
10
40
10
50
90
50
C0
D0
40
10
40
D0
C0
D0
D0
00
10
10
C0
10
90
00
D0
D0
C0
90
D0
50
80
C0
00
90
50
D0
40
00
10
C0
00
40
90
10
40
40
10
80
80
90
00
10
40
50
D0
40
50
00
90
50
90
80
90
C0
D0
50
90
D0
40
C0
80
10
40
90
00
10
D0
50
10
00
D0
00
00
40
10
90
80
90
50
40
90
D0
C0
80
80
C0
90
80
D0
C0
90
00
90
50
C0
04
00
14
84
80
04
90
90
90
80
00
84
84
14
14
84
84
84
84
10
00
00
90
04
84
80
10
10
90
84
80
90
04
10
94
90
90
14
90
04
14
94
14
90
84
80
10
14
10
84
90
90
80
90
84
10
90
00
10
00
94
90
14
94
14
04
94
94
80
80
84
14
00
84
80
14
80
90
84
80
00
14
00
90
90
14
04
90
90
90
84
80
94
14
94
00
10
10
00
94
90
80
80
90
84
90
90
04
10
84
94
80
80
00
04
80
90
84
04
00
14
10
90
80
94
10
04
84
04
84
80
10
84
14
90
04
00
14
10
90
04
80
84
94
14
10
14
80
90
84
00
94
00
10
84
94
84
80
10
10
04
84
80
80
04
00
84
00
80
84
00
04
84
80
84
80
04
00
00
04
84
80
84
84
04
84
00
04
04
00
00
80
84
84
84
00
84
80
84
00
80
04
80
00
84
80
80
00
80
04
00
80
80
00
00
04
04
04
00
80
80
84
84
80
04
84
84
80
04
04
00
04
84
84
04
00
84
00
80
00
00
04
04
84
84
04
84
80
84
80
84
84
04
00
80
84
80
04
84
04
00
00
80
04
04
80
80
00
00
00
00
04
84
04
80
80
04
04
00
80
80
84
80
80
84
84
80
04
00
80
00
84
04
00
84
00
00
00
04
00
00
84
00
80
80
00
80
84
84
04
00
04
04
00
00
00
84
04
04
04
04
84
00
80
80
00
60
A3
02
66
05
22
87
63
65
C0
82
06
A3
00
A1
03
64
44
A2
C2
47
41
03
A2
C2
E7
47
61
E1
42
04
63
82
85
C4
A2
86
C0
01
E6
20
26
01
C6
E0
C4
40
03
47
A3
C5
C7
27
A2
82
27
27
E4
05
E3
62
23
84
42
62
A1
61
E4
A5
C6
A0
04
C2
84
64
C4
07
26
05
E2
20
47
A7
E4
20
27
C2
A1
46
C2
A3
03
E4
87
47
A1
A3
A3
E5
66
A5
05
64
22
85
86
86
61
85
24
E4
04
00
46
81
E0
60
41
64
67
67
25
82
C6
62
A3
A3
A0
E5
A2
26
A0
A6
44
60
A3
62
40
43
E6
85
26
22
87
A3
00
C7
24
80
64
60
06
A5
C5
A5
42
22
46
41
27
04
02
C2
01
01
02
03
00
02
02
02
01
00
01
03
03
00
03
00
01
00
00
03
02
00
02
02
02
01
01
03
03
01
03
02
03
01
03
00
02
00
00
03
02
00
01
01
01
03
02
03
02
01
03
00
00
03
02
00
02
00
01
02
02
03
01
00
00
00
00
02
01
03
02
00
03
00
03
03
02
03
01
02
01
01
03
01
00
00
03
03
01
00
00
03
01
01
01
03
03
02
00
01
03
00
01
02
02
01
03
02
02
02
03
02
00
00
00
03
03
01
00
01
00
03
00
02
02
03
02
00
03
01
01
00
01
01
03
00
03
00
02
00
02
02
03
01
02
02
01
03
03
01
00
03
03
00
03
02
03
01
03
00
01
00
02
20
00
00
20
20
00
20
20
00
20
20
00
00
20
20
00
20
20
20
20
20
20
00
00
00
20
00
00
20
20
20
00
20
20
20
20
00
20
00
00
00
20
20
00
20
00
00
00
20
20
00
00
00
00
20
20
00
20
20
20
20
20
00
00
20
00
00
00
00
20
20
20
20
20
00
20
20
00
20
20
00
20
20
20
20
20
20
00
00
20
20
20
20
00
00
00
00
00
20
00
00
00
00
00
00
00
20
00
00
00
20
00
00
20
20
20
00
00
00
20
00
00
20
00
20
00
00
00
00
20
20
00
00
00
20
20
00
20
20
00
00
20
20
20
20
00
00
00
20
20
00
20
20
20
00
20
20
20
00
20
00
00
00
04
39
32
34
0F
28
19
29
3A
19
1D
34
3D
2A
02
23
31
2F
38
3A
2E
3A
28
38
37
32
2C
01
20
27
2D
2E
1C
39
3B
38
2E
02
1A
08
04
30
15
32
11
12
2E
35
1F
34
14
1A
3A
3C
19
33
0A
3A
20
03
24
1A
34
24
17
29
30
37
20
3F
06
02
19
2E
05
1B
27
1A
32
3E
3A
19
10
2D
0A
1D
12
2D
29
21
14
05
05
13
2D
09
00
09
06
1A
29
3D
28
27
2F
28
19
3C
10
0B
17
05
1D
13
16
3E
00
05
1F
34
14
30
35
1A
3F
2E
04
3E
20
0D
31
12
38
26
1A
1E
00
2D
3A
00
09
08
0B
14
1F
38
28
30
30
2E
05
32
19
12
24
18
10
02
1F
24
2C
30
20
10
04
16
00
10
00
10
10
02
06
00
06
14
14
0C
16
0E
1E
04
08
0C
18
08
06
1C
1A
18
0E
14
02
10
14
14
1C
1E
18
10
0A
1C
0A
18
0A
1E
0C
14
10
08
12
08
1E
14
08
08
06
0E
1C
10
06
02
10
02
0C
06
0A
0C
12
0E
08
14
0A
0A
08
04
12
18
04
08
08
00
1A
0E
10
1E
0C
0A
14
0A
1C
1E
0E
1E
1A
1C
04
0C
08
0A
10
10
02
06
1C
10
0C
06
0E
16
18
1C
10
08
10
10
00
0A
1C
1C
02
18
0E
02
1E
02
0A
00
1E
0E
10
1E
04
08
18
12
08
04
10
1A
0A
14
10
0E
1A
00
0E
0C
14
12
0C
06
10
1E
18
12
16
0C
0A
0C
02
14
0C
0A
00
10
21
8C
49
C8
E9
09
40
85
0C
01
E1
68
0D
01
E1
0D
C1
A5
09
84
68
48
25
2C
8D
C1
2D
C4
C5
20
09
81
40
21
AD
CC
60
C9
49
A5
E1
E9
C1
4D
E9
29
80
88
A8
EC
A0
25
68
48
49
84
64
A8
88
88
AD
40
04
04
09
25
6C
AD
80
85
69
4C
2C
0C
21
E8
8C
E1
4D
61
60
48
0D
C5
2C
21
28
C5
C9
69
2C
E9
C8
41
44
04
6D
80
24
A1
A0
ED
08
84
21
69
C5
84
08
88
C9
A0
41
61
81
21
EC
E0
AC
AC
6C
8D
8C
89
2D
C0
48
0C
01
65
28
AC
6D
68
61
08
CC
84
48
6D
A1
68
ED
A0
49
89
C4
24
29
C5
69
09
65
C9
E4
E5
81
29
28
89
65
A4
04
A0
80
00
0C
88
0C
20
00
80
24
00
24
AC
80
08
20
A4
04
A8
88
20
08
28
80
80
0C
04
A4
08
A4
AC
A0
08
00
A4
2C
84
88
AC
28
AC
04
2C
08
04
20
00
28
24
08
A4
20
24
2C
80
20
88
24
28
84
24
A8
84
8C
A4
84
0C
80
04
A4
8C
A0
80
88
A4
8C
AC
A4
24
A0
88
A8
A0
A8
20
84
A4
84
AC
A0
A8
A0
8C
28
0C
00
A0
AC
A8
A0
88
20
04
28
2C
28
0C
0C
0C
AC
A8
00
80
A8
2C
0C
A8
24
AC
A4
00
80
A4
80
AC
24
20
08
28
2C
00
04
84
A4
24
20
08
AC
08
20
28
AC
84
04
84
20
2C
88
80
24
2C
00
00
A4
84
80
0C
A8
A0
0C
24
08
0C
08
28
62
0E
68
68
08
4E
20
0E
2C
04
46
08
6A
00
6A
48
66
24
02
0C
2A
2C
4E
26
02
46
46
04
68
26
04
00
66
66
40
0E
6E
0E
0E
6E
22
0A
04
60
4C
04
40
04
26
62
0A
24
08
0E
02
04
02
68
66
40
2C
62
66
2C
0C
6A
24
64
04
28
40
06
44
08
44
42
04
26
6C
68
22
46
4A
4E
28
40
28
0C
48
0E
2A
46
6C
0E
28
6C
4A
42
2A
46
28
6E
2C
6A
20
26
00
02
40
4E
42
6A
46
4E
20
64
6A
2C
46
08
08
0C
20
6E
2E
04
46
2E
26
4A
08
6C
6C
0E
42
60
24
40
60
46
0C
6E
06
06
66
28
28
00
40
4C
0E
00
28
06
62
00
28
48
26
0A
22
00
00
00
00
00
00
00
00
00
00
00
00
00
00
00
00
00
00
00
00
00
00
00
00
00
00
00
00
00
00
00
00
00
00
00
00
00
00
00
00
00
00
00
00
00
00
00
00
00
00
00
00
00
00
00
00
00
00
00
00
00
00
00
00
00
00
00
00
00
00
00
00
00
00
00
00
00
00
00
00
00
00
00
00
00
00
00
00
00
00
00
00
00
00
00
00
00
00
00
00
00
00
00
00
00
00
00
00
00
00
00
00
00
00
00
00
00
00
00
00
00
00
00
00
00
00
00
00
00
00
00
00
00
00
00
00
00
00
00
00
00
00
00
00
00
00
00
00
00
00
00
00
00
00
00
00
00
00
00
00
00
00
00
00
00
00
00
00
00
00
00
00
00
00
00
00
00
00
00
00
00
00
00
00
00
00
00
00
00
00
00
00
00
00
00
00
00
00
00
00
00
00
00
00
00
00
00
00
00
00
00
00
00
00
00
00
00
00
00
00
00
00
00
00
00
00
00
00
00
00
00
00
00
00
00
00
00
00
00
00
00
00
00
00
00
00
00
00
00
00
00
00
00
00
00
00
00
00
00
00
00
00
00
00
00
00
00
00
00
00
00
00
00
00
00
00
00
00
00
00
00
00
00
00
00
00
00
00
00
00
00
00
00
00
00
00
00
00
00
00
00
00
00
00
00
00
00
00
00
00
00
00
00
00
00
00
00
00
00
00
00
00
00
00
6A
1B
6A
0F
6A
3B
FF
15
00
50
40
00
6A
5C
6A
5F
