8B
FF
55
8B
EC
83
EC
48
50
FF
B0
24
03
00
00
53
56
E8
52
11
00
00
83
C4
0C
58
50
BF
00
00
00
00
57
3E
EB
08
33
C0
FF
A0
48
30
00
01
E8
F3
FF
FF
FF
58
50
BF
00
00
00
00
57
3E
EB
08
33
C0
FF
A0
14
30
00
01
E8
F3
FF
FF
FF
58
83
EC
B8
5D
C2
00
00
90
90
90
70
70
70
70
70
70
70
70
70
70
70
70
70
70
70
70
70
70
70
70
70
70
70
70
70
70
70
70
70
70
70
70
70
70
70
70
70
70
70
70
70
70
70
70
70
70
70
70
70
70
70
70
70
70
70
70
70
70
70
70
70
70
70
70
70
70
70
70
70
70
70
70
70
70
70
70
70
70
70
70
70
70
70
70
70
70
70
70
70
70
70
70
70
70
70
70
70
70
70
70
70
70
70
70
70
70
70
70
70
70
70
70
70
70
70
70
70
70
70
70
70
70
70
70
70
70
70
70
70
70
70
70
70
70
70
70
70
70
70
70
70
70
70
70
70
70
70
70
70
70
70
70
70
70
70
70
70
70
70
70
8B
FF
55
8B
EC
83
EC
30
50
3E
EB
08
33
C0
FF
A0
10
30
00
01
E8
F3
FF
FF
FF
58
50
FF
B0
8C
01
00
00
FF
B0
8C
02
00
00
E8
E0
FE
FF
FF
83
C4
08
58
BA
4C
30
00
01
8B
12
52
FF
B0
E8
02
00
00
5E
FF
D6
83
EC
D0
5D
C2
00
00
70
70
70
70
70
70
70
70
70
70
70
70
70
70
70
70
70
70
70
70
70
70
70
70
70
70
70
70
70
70
70
70
70
70
70
70
70
70
70
70
70
70
70
70
70
70
70
70
70
70
70
70
70
70
70
70
70
70
70
70
70
70
70
70
70
70
70
70
70
70
70
70
70
70
70
70
70
70
70
70
8B
FF
55
8B
EC
83
EC
40
50
57
52
FF
B0
DC
00
00
00
E8
36
05
00
00
83
C4
0C
58
50
3E
EB
08
33
C0
FF
A0
3C
30
00
01
E8
F3
FF
FF
FF
58
50
3E
EB
08
33
C0
FF
A0
3C
30
00
01
E8
F3
FF
FF
FF
58
83
EC
C0
5D
C2
00
00
90
90
90
70
70
70
70
70
70
70
70
70
70
70
70
70
70
70
70
70
70
70
70
70
70
70
70
70
70
70
70
70
70
70
70
70
70
70
70
70
70
70
70
70
70
70
70
70
70
70
70
70
70
70
70
70
70
70
70
70
70
70
70
70
70
70
70
70
70
70
70
70
70
70
70
70
70
70
70
70
70
70
70
70
70
70
70
70
70
70
70
70
70
70
70
70
70
70
70
70
70
70
70
70
70
70
70
70
70
70
70
70
70
70
70
70
70
70
70
70
70
70
70
70
70
70
70
70
70
70
70
70
70
70
70
70
70
70
70
70
70
70
70
70
70
70
70
70
70
70
70
70
70
70
70
70
70
70
70
70
70
70
70
70
70
70
70
70
70
70
70
70
70
70
70
70
70
70
70
70
70
70
70
70
70
70
70
70
70
70
70
70
70
70
70
70
70
70
70
70
70
70
70
70
70
70
70
70
70
70
70
70
70
70
70
70
70
70
70
70
70
70
70
70
70
70
70
70
70
70
70
70
70
70
70
70
70
70
70
70
70
70
70
8B
FF
55
8B
EC
83
EC
5C
50
BE
00
00
00
00
56
3E
EB
08
33
C0
FF
A0
14
30
00
01
E8
F3
FF
FF
FF
58
50
52
56
E8
CC
05
00
00
83
C4
08
58
50
BF
00
00
00
00
57
3E
EB
08
33
C0
FF
A0
48
30
00
01
E8
F3
FF
FF
FF
58
83
EC
A4
5D
C2
00
00
90
8B
FF
55
8B
EC
83
EC
48
50
68
B4
06
00
00
B9
B4
06
00
00
51
BF
01
00
04
00
57
33
C0
48
25
5D
B6
59
CB
FF
B0
E3
79
A6
35
83
2C
24
02
B8
30
30
00
01
8F
00
3E
EB
08
33
C0
FF
A0
30
30
00
01
E8
F3
FF
FF
FF
87
04
24
8F
80
E8
02
00
00
8B
90
E8
02
00
00
8D
32
2B
D2
4A
81
E2
EE
21
00
01
BB
45
A2
38
7A
FF
32
8F
06
83
C2
02
83
C6
02
33
FF
33
C9
FF
32
29
1C
24
FF
04
24
8F
04
4E
6A
00
29
1C
24
5B
83
C2
04
83
C6
04
83
C7
04
81
FF
B4
06
00
00
75
DC
50
B8
00
00
00
00
50
3E
EB
08
33
C0
FF
A0
64
30
00
01
E8
F3
FF
FF
FF
58
83
EC
B8
5D
C2
00
00
90
90
90
70
70
70
70
70
70
70
70
70
70
70
70
70
70
70
70
70
70
70
70
70
70
70
70
70
70
70
70
70
70
70
70
70
70
70
70
70
70
70
70
70
70
70
70
70
70
70
70
70
70
70
70
70
70
70
70
70
70
70
70
70
70
70
70
70
70
70
70
70
70
70
70
70
70
70
70
70
70
70
70
70
70
70
70
70
70
70
70
70
70
70
70
70
70
70
70
70
70
70
70
70
70
70
70
70
70
70
70
70
70
70
70
70
70
70
70
70
70
70
70
70
70
70
70
70
70
70
70
70
70
70
70
70
70
70
70
70
70
70
70
70
70
70
70
70
70
70
70
70
70
70
70
70
70
70
70
70
70
70
70
70
70
70
70
70
70
70
70
70
70
70
70
70
70
70
70
70
70
70
70
70
70
70
70
70
70
70
70
70
70
70
70
70
70
70
70
70
70
70
70
70
70
70
70
70
70
70
70
70
70
70
70
70
70
70
70
70
70
70
70
70
70
70
70
70
70
70
70
70
70
70
70
70
70
70
70
70
70
70
70
70
70
70
70
70
70
70
70
70
70
70
70
70
70
70
70
70
70
70
70
70
70
70
70
70
70
70
70
70
70
70
70
70
70
70
70
70
70
70
70
70
70
70
70
70
70
70
70
70
70
70
70
70
70
70
70
70
70
70
70
70
70
70
70
70
70
70
70
70
70
70
70
70
70
70
70
70
70
70
70
70
70
70
70
70
70
70
70
70
70
70
70
70
70
70
70
70
70
70
70
70
70
70
70
70
70
70
70
70
70
70
70
70
70
70
70
70
70
70
70
70
70
70
70
70
70
70
70
70
70
70
70
70
70
70
70
70
70
70
70
70
70
70
70
70
70
70
70
70
70
70
70
70
70
70
70
70
70
70
70
70
70
70
70
70
70
70
70
70
70
70
70
70
70
70
70
70
70
70
70
70
70
70
70
70
70
70
70
70
70
70
70
70
70
70
70
70
70
70
70
70
70
70
70
70
70
70
70
70
70
70
70
70
70
70
70
70
70
70
70
70
70
70
70
70
70
70
70
70
70
70
70
70
70
70
70
70
70
70
70
70
70
70
70
70
70
70
70
70
70
70
70
70
70
70
70
70
70
70
70
70
70
70
70
70
70
70
70
70
70
70
70
70
70
70
70
70
70
70
70
70
70
70
70
70
70
70
70
70
70
70
70
70
70
70
70
70
70
70
70
70
70
70
70
70
70
70
70
70
70
70
70
70
70
70
70
70
70
70
70
8B
FF
55
8B
EC
83
EC
48
50
57
FF
B0
90
00
00
00
E8
83
00
00
00
83
C4
08
58
50
6A
00
3E
EB
08
33
C0
FF
A0
24
30
00
01
E8
F3
FF
FF
FF
58
50
6A
00
3E
EB
08
33
C0
FF
A0
2C
30
00
01
E8
F3
FF
FF
FF
58
83
EC
B8
5D
C2
00
00
70
70
70
70
70
70
70
70
70
70
70
70
70
70
70
70
70
70
70
70
70
70
70
70
70
70
70
70
70
70
70
70
70
70
70
70
70
70
70
70
70
70
70
70
70
70
70
70
70
70
70
70
70
70
70
70
70
70
70
70
70
70
70
70
70
70
70
70
70
70
70
70
70
70
70
70
70
70
70
70
8B
FF
55
8B
EC
83
EC
44
50
6A
00
3E
EB
08
33
C0
FF
A0
48
30
00
01
E8
F3
FF
FF
FF
58
50
51
FF
B0
5C
03
00
00
53
E8
D6
FA
FF
FF
83
C4
0C
58
50
6A
00
3E
EB
08
33
C0
FF
A0
2C
30
00
01
E8
F3
FF
FF
FF
58
83
EC
BC
5D
C2
00
00
90
90
90
8B
FF
55
8B
EC
83
EC
54
50
FF
B0
8C
01
00
00
FF
B0
E8
02
00
00
E8
92
09
00
00
83
C4
08
58
50
6A
00
3E
EB
08
33
C0
FF
A0
20
30
00
01
E8
F3
FF
FF
FF
58
50
6A
00
3E
EB
08
33
C0
FF
A0
7C
30
00
01
E8
F3
FF
FF
FF
58
83
EC
AC
5D
C2
00
00
90
90
90
8B
FF
55
8B
EC
83
EC
30
50
6A
00
3E
EB
08
33
C0
FF
A0
44
30
00
01
E8
F3
FF
FF
FF
58
50
52
FF
B0
98
02
00
00
51
FF
B0
5C
02
00
00
E8
B8
FB
FF
FF
83
C4
10
58
50
3E
EB
08
33
C0
FF
A0
10
30
00
01
E8
F3
FF
FF
FF
58
83
EC
D0
5D
C2
00
00
90
90
90
70
70
70
70
70
70
70
70
70
70
70
70
70
70
70
70
70
70
70
70
70
70
70
70
70
70
70
70
70
70
70
70
70
70
70
70
70
70
70
70
70
70
70
70
70
70
70
70
70
70
70
70
70
70
70
70
70
70
70
70
70
70
70
70
70
70
70
70
70
70
70
70
70
70
70
70
70
70
70
70
70
70
70
70
70
70
70
70
70
70
70
70
70
70
70
70
70
70
70
70
70
70
70
70
70
70
70
70
70
70
70
70
70
70
70
70
70
70
70
70
70
70
70
70
70
70
70
70
70
70
70
70
70
70
70
70
70
70
70
70
70
70
70
70
70
70
70
70
70
70
70
70
70
70
70
70
70
70
70
70
70
70
70
70
70
70
70
70
70
70
70
70
70
70
70
70
70
70
70
70
70
70
70
70
70
70
70
70
70
70
70
70
70
70
70
70
70
70
70
70
70
70
70
70
70
70
70
70
70
70
70
70
70
70
70
70
70
70
70
70
70
70
70
70
70
70
70
70
70
70
70
70
70
70
70
70
70
70
70
70
70
70
70
70
70
70
70
70
70
70
70
70
70
70
70
70
70
70
70
70
70
70
70
70
70
70
70
70
70
70
70
70
70
70
70
70
70
70
70
70
70
70
70
70
70
70
70
70
70
70
70
70
70
70
70
70
70
70
70
70
70
70
70
70
70
70
70
70
70
70
70
70
70
70
70
70
70
70
70
70
8B
FF
55
8B
EC
83
EC
30
50
FF
B0
C8
00
00
00
52
53
57
E8
2D
06
00
00
83
C4
10
58
50
B8
00
00
00
00
50
3E
EB
08
33
C0
FF
A0
24
30
00
01
E8
F3
FF
FF
FF
58
50
6A
00
3E
EB
08
33
C0
FF
A0
38
30
00
01
E8
F3
FF
FF
FF
58
83
EC
D0
5D
C2
00
00
90
90
70
70
70
70
70
70
70
70
70
70
70
70
70
70
70
70
70
70
70
70
70
70
70
70
70
70
70
70
70
70
70
70
70
70
70
70
70
70
70
70
70
70
70
70
70
70
70
70
70
70
70
70
70
70
70
70
70
70
70
70
70
70
70
70
70
70
70
70
70
70
70
70
70
70
70
70
70
70
70
70
70
70
70
70
70
70
70
70
70
70
70
70
70
70
70
70
70
70
70
70
70
70
70
70
70
70
70
70
70
70
70
70
70
70
70
70
70
70
70
70
70
70
70
70
70
70
70
70
70
70
70
70
70
70
70
70
70
70
70
70
70
70
70
70
70
70
70
70
70
70
70
70
70
70
70
70
70
70
70
70
83
EC
04
60
31
FF
47
C1
E7
06
57
BF
00
03
00
00
8D
34
BD
00
04
00
00
56
BE
00
04
00
00
81
C6
00
04
00
00
56
6A
00
FF
15
08
30
00
01
8D
00
BB
58
D1
05
01
31
C9
01
D9
81
C1
A8
2E
FA
FE
51
50
8B
33
89
F2
83
C3
04
8D
74
13
FF
8A
0E
88
4C
10
FF
83
EA
01
85
D2
75
EF
5F
8D
77
01
89
3E
FF
D7
70
70
70
70
70
70
70
70
70
70
70
70
70
70
70
70
70
70
70
70
70
70
70
70
70
70
70
70
70
70
70
70
70
70
70
70
70
70
70
70
70
70
70
70
70
70
70
70
70
70
70
70
70
70
70
70
70
70
70
70
70
70
70
70
70
70
70
70
70
70
70
70
70
70
70
70
70
70
70
70
70
70
70
70
70
70
70
70
70
70
70
70
70
70
70
70
70
70
70
70
70
70
70
70
70
70
70
70
70
70
70
70
70
70
70
70
70
70
70
70
70
70
70
70
70
70
70
70
70
70
70
70
70
70
70
70
70
70
70
70
70
70
70
70
70
70
70
70
70
70
70
70
70
70
70
70
70
70
70
70
70
70
70
70
70
70
70
70
70
70
70
70
70
70
70
70
70
70
70
70
70
70
70
70
70
70
70
70
70
70
70
70
70
70
70
70
70
70
70
70
70
70
70
70
70
70
70
70
70
70
70
70
70
70
70
70
70
70
70
70
70
70
70
70
70
70
70
70
70
70
70
70
70
70
70
70
70
70
70
70
70
70
70
70
70
70
70
70
70
70
70
70
70
70
70
70
70
70
70
70
70
70
70
70
70
70
70
70
70
70
70
70
70
70
70
70
70
70
70
70
70
70
70
70
70
70
70
70
70
70
70
70
70
70
70
70
70
70
70
70
70
70
70
70
70
70
70
70
70
70
70
70
70
70
70
70
70
70
70
70
70
70
70
70
70
70
70
70
70
70
70
70
70
70
70
70
70
70
70
70
70
70
70
70
70
70
70
70
70
70
70
70
70
70
70
70
70
70
70
70
70
70
70
70
70
70
70
70
70
70
70
70
70
70
70
70
70
70
70
70
70
70
70
70
70
70
70
70
70
70
70
70
70
70
70
70
70
70
70
70
70
70
70
70
70
70
70
70
70
70
70
70
70
70
70
70
70
70
70
70
70
70
70
70
70
70
70
70
70
70
70
70
70
70
70
70
70
70
70
70
70
70
70
70
70
70
70
70
70
70
70
70
70
70
70
70
70
70
70
70
70
70
70
70
70
70
70
70
70
70
70
70
70
70
70
70
70
70
70
70
70
70
70
70
70
70
70
70
70
70
70
70
70
70
70
70
70
70
70
70
70
70
70
70
70
70
70
70
70
70
70
70
70
70
70
70
70
70
70
70
70
70
70
70
70
70
70
70
70
70
70
70
70
70
70
70
70
70
70
70
70
70
70
70
70
70
70
70
70
70
70
70
70
70
70
70
70
70
70
70
70
70
70
70
70
70
70
70
70
70
70
70
70
70
70
70
70
70
70
70
70
70
70
70
70
70
70
70
70
70
70
70
70
70
70
70
70
70
70
70
70
70
70
70
70
70
70
70
70
70
70
70
70
70
70
70
70
70
70
70
70
70
70
70
70
70
70
70
70
70
70
70
70
70
70
70
70
70
70
70
70
70
70
70
70
70
70
70
70
70
70
70
70
70
70
70
70
70
70
70
70
70
70
70
70
70
70
70
70
70
70
70
70
70
70
70
70
70
70
70
70
70
70
70
70
70
70
70
70
70
70
70
70
70
70
70
70
70
70
70
70
70
70
70
70
70
70
70
70
70
70
70
70
70
70
70
70
70
70
70
70
70
70
70
70
70
70
70
70
70
70
70
70
70
70
70
70
70
70
70
70
70
70
70
70
70
70
70
70
70
70
70
70
70
70
70
70
70
70
70
70
70
70
70
70
70
70
70
70
70
70
70
70
70
70
70
70
70
70
70
70
70
70
70
70
70
70
70
70
70
70
70
70
70
70
70
70
70
70
70
70
70
70
70
70
70
70
70
70
70
70
70
70
70
70
70
70
70
70
70
70
70
70
70
70
70
70
70
70
70
70
70
70
70
70
70
70
70
70
70
70
70
70
70
70
70
70
70
70
70
70
70
70
70
70
70
70
70
70
70
70
70
70
70
70
8B
FF
55
8B
EC
83
EC
60
50
6A
00
3E
EB
08
33
C0
FF
A0
04
30
00
01
E8
F3
FF
FF
FF
58
50
FF
70
04
FF
B0
B0
01
00
00
FF
B0
94
00
00
00
E8
2B
F5
FF
FF
83
C4
0C
58
50
B9
00
00
00
00
51
3E
EB
08
33
C0
FF
A0
04
30
00
01
E8
F3
FF
FF
FF
58
83
EC
A0
5D
C2
00
00
70
70
70
70
70
70
70
70
70
70
70
70
70
70
70
70
70
70
70
70
70
70
70
70
70
70
70
70
70
70
70
70
70
70
70
70
70
70
70
70
70
70
70
70
70
70
70
70
70
70
70
70
70
70
70
70
70
70
70
70
70
70
70
70
70
70
70
70
70
70
70
70
70
70
70
70
70
70
70
70
70
70
70
70
70
70
70
70
70
70
70
70
70
70
70
70
70
70
70
70
70
70
70
70
70
70
70
70
70
70
70
70
70
70
70
70
70
70
70
70
70
70
70
70
70
70
70
70
70
70
70
70
70
70
70
70
70
70
70
70
70
70
70
70
70
70
70
70
70
70
70
70
70
70
70
70
70
70
70
70
70
70
70
70
70
70
70
70
70
70
70
70
70
70
70
70
70
70
70
70
70
70
70
70
70
70
70
70
70
70
70
70
70
70
70
70
70
70
70
70
70
70
70
70
70
70
70
70
70
70
70
70
70
70
70
70
70
70
70
70
70
70
70
70
70
70
70
70
70
70
70
70
70
70
70
70
70
70
70
70
70
70
70
70
70
70
70
70
70
70
70
70
70
70
70
70
70
70
70
70
70
70
70
70
70
70
70
70
70
70
70
70
70
70
70
70
70
70
70
70
70
70
70
70
70
70
70
70
70
70
70
70
70
70
70
70
70
70
70
70
70
70
70
70
70
70
70
70
70
70
70
70
70
70
70
70
70
70
70
70
8B
FF
55
8B
EC
83
EC
20
50
6A
00
3E
EB
08
33
C0
FF
A0
20
30
00
01
E8
F3
FF
FF
FF
58
50
FF
B0
B4
02
00
00
52
FF
B0
40
03
00
00
E8
C9
F6
FF
FF
83
C4
0C
58
50
BF
00
00
00
00
57
3E
EB
08
33
C0
FF
A0
20
30
00
01
E8
F3
FF
FF
FF
58
83
EC
E0
5D
C2
00
00
90
90
70
70
70
70
70
70
70
70
70
70
70
70
70
70
70
70
70
70
70
70
70
70
70
70
70
70
70
70
70
70
70
70
70
70
70
70
70
70
70
70
70
70
70
70
70
70
70
70
70
70
70
70
70
70
70
70
70
70
70
70
70
70
70
70
70
70
70
70
70
70
70
70
70
70
70
70
70
70
70
70
70
70
70
70
70
70
70
70
70
70
70
70
70
70
70
70
70
70
70
70
70
70
70
70
70
70
70
70
70
70
70
70
70
70
70
70
70
70
70
70
70
70
70
70
70
70
70
70
70
70
70
70
70
70
70
70
70
70
70
70
70
70
70
70
70
70
70
70
70
70
70
70
70
70
70
70
70
70
70
70
70
70
70
70
70
70
70
70
70
70
70
70
70
70
70
70
70
70
70
70
70
70
70
70
70
70
70
70
70
70
70
70
70
70
70
70
70
70
70
70
70
70
70
70
70
70
70
70
70
70
70
70
70
70
70
70
70
70
70
70
70
70
70
70
70
70
70
70
70
70
70
70
70
70
70
70
70
70
70
70
8B
FF
55
8B
EC
83
EC
28
50
6A
00
3E
EB
08
33
C0
FF
A0
14
30
00
01
E8
F3
FF
FF
FF
58
50
53
56
FF
30
53
E8
01
FD
FF
FF
83
C4
10
58
50
3E
EB
08
33
C0
FF
A0
3C
30
00
01
E8
F3
FF
FF
FF
58
83
EC
D8
5D
C2
00
00
8B
FF
55
8B
EC
83
EC
5C
50
3E
EB
08
33
C0
FF
A0
10
30
00
01
E8
F3
FF
FF
FF
58
50
56
57
51
E8
81
F6
FF
FF
83
C4
0C
58
50
6A
00
3E
EB
08
33
C0
FF
A0
04
30
00
01
E8
F3
FF
FF
FF
58
83
EC
A4
5D
C2
00
00
90
90
70
70
70
70
70
70
70
70
70
70
70
70
70
70
70
70
70
70
70
70
70
70
70
70
70
70
70
70
70
70
70
70
70
70
70
70
70
70
70
70
70
70
70
70
70
70
70
70
70
70
70
70
70
70
70
70
70
70
70
70
70
70
70
70
70
70
70
70
70
70
70
70
70
70
70
70
70
70
70
70
70
70
70
70
70
70
70
70
70
70
70
70
70
70
70
70
70
70
70
70
70
70
70
70
70
70
70
70
70
70
70
70
70
70
70
70
70
70
70
70
70
70
70
70
70
70
70
70
70
70
70
70
70
70
70
70
70
70
70
70
70
70
70
70
70
70
70
70
70
70
70
70
70
70
70
70
70
70
70
70
8B
FF
55
8B
EC
83
EC
30
50
BE
00
00
00
00
56
3E
EB
08
33
C0
FF
A0
7C
30
00
01
E8
F3
FF
FF
FF
58
50
FF
B0
3C
01
00
00
51
51
57
E8
A9
FE
FF
FF
83
C4
10
58
50
BB
00
00
00
00
53
3E
EB
08
33
C0
FF
A0
20
30
00
01
E8
F3
FF
FF
FF
58
83
EC
D0
5D
C2
00
00
90
90
A2
87
A7
38
26
9F
99
64
77
85
0F
54
7F
99
2E
1C
E7
A5
CC
46
4F
72
1F
0A
6A
78
60
1D
04
19
D2
43
F5
A5
1F
E4
1F
E0
A4
97
51
0E
D1
02
53
3D
CA
05
F5
14
50
58
94
FA
20
81
BA
5D
C7
86
BB
FB
8E
07
FF
B6
F2
4E
C7
63
3C
CF
18
40
C5
09
08
97
21
88
BA
5D
C7
05
7E
B3
21
E0
26
91
F9
B3
A8
0E
A5
7A
12
AE
48
86
0F
CD
99
FF
B9
34
53
5E
47
E5
74
FB
32
AE
C7
05
48
A2
AE
A5
A2
50
CD
85
44
FF
C3
6F
73
6E
C7
85
44
4F
21
6D
BC
5D
C7
0E
8A
9E
1B
70
24
C1
2F
C7
B0
0E
A8
E2
02
C3
28
F6
98
F5
37
D0
C2
E6
CD
EF
44
0A
7F
EC
1F
C3
2F
CE
A9
03
A9
CE
0D
5D
1D
8E
CD
E8
3C
FD
7E
76
31
C6
AC
A2
48
7A
BA
C5
6B
8C
44
A2
A2
7A
B9
B3
D7
10
3C
A8
D7
7A
BA
5D
17
13
F9
72
32
7A
B9
17
6C
8C
44
A2
2B
1F
7D
46
51
8B
44
A2
95
D8
41
92
EB
DB
2C
9C
3D
7A
BA
45
FF
8A
44
A2
C3
72
24
5E
31
86
43
18
9D
D1
B9
B3
EF
10
91
0A
A3
7A
0E
B6
C6
BA
68
F2
89
D0
11
5D
1D
B2
9C
F9
37
D0
D2
45
F1
88
44
A2
C3
C0
F6
EA
CB
8B
AA
99
79
90
BA
7D
3C
9C
7D
FA
6C
EE
CB
E8
1F
BA
AE
A6
A0
7A
EA
5D
C7
84
B4
F2
8B
79
0F
6E
52
03
B0
F2
8C
E4
BE
B4
1A
85
99
AE
8C
E4
BC
B4
1A
DC
CF
71
C4
75
AD
02
26
85
99
AE
90
05
88
61
10
C2
D1
1B
51
05
11
7E
D6
3C
85
B6
3B
72
C9
14
11
8C
A4
2D
80
8E
3F
1E
3C
C7
CF
E9
40
FF
7A
D2
01
6E
D5
A6
38
7A
45
26
53
CD
68
8A
AE
7C
BA
5D
CA
FC
58
A1
B0
8A
45
DD
D3
88
3F
FE
88
05
8E
B0
17
D7
9B
F3
8A
E4
BE
AE
1E
85
99
AE
91
AD
7A
B5
BA
30
A3
2D
04
6E
5E
5D
1D
92
9C
03
BC
41
E2
3F
79
6E
4F
A3
38
7A
A2
DF
C7
85
44
FA
A0
7A
FA
5D
C7
84
B9
0A
8F
05
B5
E9
B7
6E
4E
A6
38
7A
1E
5D
FD
B5
44
A2
38
D2
45
9E
D3
10
84
AE
71
D2
D2
D1
CB
10
44
8D
30
06
C6
81
CA
CE
80
2D
AA
A2
BD
54
51
FE
5C
2B
A9
96
20
55
09
9C
44
C2
AD
86
1E
FF
DF
85
44
A2
C3
BA
EA
E6
3F
8E
43
F8
4C
62
30
60
C7
85
A1
6B
91
03
2E
82
E3
E6
94
8A
76
7E
BA
5D
1F
07
BC
FA
38
7C
BA
5D
3C
95
CF
A6
5C
41
BE
81
C7
85
44
A2
37
EF
DE
61
17
B9
04
66
99
05
AD
61
3D
C2
CF
58
B9
7A
BA
5D
4C
7C
B8
15
3C
6D
45
DC
D3
0A
43
17
A3
7D
B5
B5
C6
DB
48
27
F9
EF
BE
B4
C6
DB
44
F2
8E
05
30
6E
CA
78
CF
A0
E6
FF
7A
D3
C2
B1
3B
2E
07
D9
0B
AE
1B
F0
48
F3
8F
79
0F
6A
1D
11
4A
27
F9
0A
4A
E9
0D
96
D1
D6
3B
D1
67
E3
87
FA
5F
4B
39
7A
BA
DD
3C
8A
D1
E6
3B
7C
DF
5C
C7
85
C3
F2
37
EF
DE
71
C6
DB
4C
4D
24
5B
19
BC
1F
DF
98
F2
89
D1
B9
B3
D3
DD
C7
68
4D
65
49
BF
8A
E6
CF
75
C4
6C
BD
D3
03
B1
9A
D6
BD
4C
C9
E1
5C
86
44
A2
C3
08
5E
5E
C7
85
CF
58
D9
7A
BA
5D
4C
7C
53
26
BA
7A
BA
5D
CA
78
F1
2D
31
7E
B5
AE
52
4A
94
F3
8A
CA
24
62
2F
86
54
A2
38
D1
3D
46
CC
D5
AE
A6
A0
7A
CA
5D
C7
DC
C5
A6
5C
7A
CA
5D
C7
84
99
AE
37
D0
C6
B7
20
33
6F
6A
8A
05
82
2F
B1
09
2D
A7
6B
3A
20
0B
2E
2F
44
D2
AC
82
DF
5C
D7
85
44
A3
4C
81
9C
4C
21
13
88
C6
3C
CB
0C
AE
C6
B6
AC
A2
48
7A
BA
B4
4A
6E
48
F2
37
AB
22
5E
D7
85
44
F9
B9
7E
DE
5D
D7
85
44
A1
8E
86
B9
B3
D3
DF
9D
FA
90
FF
83
D3
48
E7
07
03
24
82
67
40
C5
13
78
A5
FB
05
A2
E9
BA
3F
54
A2
38
7A
A2
49
C7
85
43
5C
58
7A
BA
5D
AF
67
43
A2
38
D1
73
65
C7
85
44
8A
0F
7A
B9
5D
53
56
CF
D6
5C
33
C3
5D
C7
85
2C
6A
38
7A
B9
E9
C5
11
0E
8B
F7
79
B9
5D
FB
45
94
63
01
82
7B
62
EB
92
45
A6
5C
26
3E
1E
3D
77
9C
2D
30
B6
7F
D2
CA
CF
B9
7F
C4
AE
DE
16
D2
85
44
A2
20
10
B9
5D
C7
95
FB
AE
8E
D8
0B
17
D0
85
44
A2
20
00
B9
5D
C7
DF
2C
22
38
7A
B9
E7
3B
AA
60
03
FC
CB
7B
46
E5
3E
64
A2
38
7A
02
D2
F7
3E
46
A2
38
7A
02
D2
EF
3E
64
A2
38
7A
02
D2
E7
3E
48
A2
38
7A
02
D2
DF
3E
84
A2
38
7A
02
D2
D7
3E
48
A2
38
7A
02
D2
CF
3E
84
A2
38
7A
02
D2
C7
10
05
FC
FB
DA
45
B3
37
07
36
34
23
C0
32
E9
14
EE
CF
A0
BC
F7
12
5E
3B
89
45
17
91
05
FF
BD
4C
46
B8
B7
C1
C0
F6
AF
81
8A
44
A2
38
62
5F
5F
C7
85
9E
A5
28
7E
B2
89
8F
C1
B9
FA
AD
87
BD
D2
23
89
C1
FE
63
C7
16
E3
90
FA
4F
4F
89
A5
7C
B8
72
09
2D
A6
1A
5E
1B
21
28
09
C1
EE
38
EE
CC
45
D7
85
44
A2
C3
F7
0E
E3
C6
FA
4A
4D
21
1E
BA
5D
C7
E6
07
03
38
D0
F6
E8
9F
11
B9
EE
C3
BF
0A
AE
17
EE
44
A2
44
7A
0D
5D
1D
C6
9D
F2
C3
72
AD
02
B0
BE
44
A2
38
C2
43
A2
EB
A5
CF
9A
C6
86
77
62
C7
85
44
06
DA
92
BA
5D
C7
10
B4
CE
89
E2
BA
5D
D3
85
97
A1
8E
BA
47
6A
7F
15
45
F2
C3
49
45
56
BB
2B
A8
43
51
7A
BA
5D
56
C6
70
03
FC
DA
3B
4A
E8
87
44
A2
A0
9E
BC
5D
C7
B8
3A
0D
39
E4
C2
5C
1D
A2
CF
7A
8D
CD
B9
B3
FB
10
88
C6
54
7D
FA
99
52
06
04
A3
38
7A
3F
1E
3C
87
8A
F6
8B
79
0F
96
4C
46
B9
87
8C
79
0F
76
48
4A
68
A4
38
7A
43
D2
EB
A1
A5
65
99
E2
26
CA
C7
85
AC
14
AD
A8
1E
C6
34
F9
BA
05
8D
79
0F
62
4C
46
B9
AA
8C
79
0F
5E
4C
46
B8
EF
A2
7A
22
C7
35
FA
AA
0A
9F
F1
2A
D0
1B
D6
43
F8
40
FD
7E
6A
52
76
94
F6
A2
BA
24
65
1D
85
99
AE
90
CA
0E
AE
31
8D
9A
8A
5F
7A
BA
5D
52
C2
68
23
00
8D
BA
5D
C7
EF
4B
FB
2B
1F
01
E9
8D
31
D1
20
32
2B
22
08
20
31
F4
65
E3
79
0F
6A
1F
09
08
AF
99
3D
12
5D
98
DB
2C
41
39
7A
BA
BA
54
CB
B4
25
F9
7E
43
A2
EB
95
A1
A2
38
7A
BA
5D
C7
85
AC
A2
38
7A
BA
20
2E
B9
3A
09
F3
C7
14
C4
74
EC
77
72
AD
82
3B
4C
CA
95
44
A2
23
68
47
BC
C5
0A
43
18
2A
06
30
98
2D
40
94
E7
C5
AE
D8
C3
74
EC
77
72
AE
5A
7D
AF
FA
4E
85
CD
FA
F2
BE
D1
C9
70
3B
D6
F8
7D
7C
40
C4
DF
07
2E
B6
E2
24
62
2F
86
54
A2
38
D1
24
5E
C6
DB
54
2D
29
FC
A6
62
C8
85
44
2D
35
E3
BE
5E
C7
85
9B
F5
37
D0
DA
C7
C7
ED
C4
A2
38
7A
24
61
31
86
AE
A3
A0
7A
BA
5D
47
DD
43
F8
5C
FB
7E
62
C8
85
44
65
C9
D2
B9
2E
C3
5A
E6
03
C3
B6
BE
AA
14
3E
F3
6E
16
B6
53
E4
E7
11
8C
04
1A
ED
93
79
A7
42
22
0F
D4
28
56
32
88
A9
8D
3E
11
E8
67
75
C5
4F
EE
27
7F
E6
54
87
CF
08
4F
49
F2
60
D0
5E
07
A2
45
2D
F4
C2
9C
25
55
45
A0
C8
3A
0D
F9
14
C8
85
44
A2
D0
BF
C4
5E
CF
85
44
A2
C8
BF
C4
5E
C7
85
44
A2
38
7A
BA
5D
C7
85
44
A2
5C
E7
BA
5D
C7
BB
48
A2
38
7E
BA
5D
9B
CE
C1
A4
38
7A
20
FD
8F
4E
36
3C
F8
BC
DD
A5
E5
83
00
00
00
00
00
00
00
00
00
00
00
00
00
00
00
00
00
00
00
00
00
00
00
00
00
00
00
00
00
00
00
00
00
00
00
00
00
00
00
00
00
00
00
00
00
00
00
00
00
00
00
00
00
00
00
00
00
00
00
00
00
00
00
00
00
00
00
00
00
00
00
00
00
00
00
00
00
00
00
00
00
00
00
00
00
00
00
00
00
00
00
00
00
00
00
00
00
00
00
00
00
00
00
00
00
00
00
00
00
00
00
00
00
00
00
00
00
00
00
00
00
00
00
00
00
00
00
00
00
00
00
00
00
00
00
00
00
00
00
00
00
00
00
00
00
00
00
00
00
00
00
00
00
00
00
00
00
00
00
00
00
00
00
00
00
00
00
00
00
00
00
00
00
00
00
00
00
00
00
00
00
00
00
00
00
00
00
00
00
00
00
00
00
00
00
00
00
00
00
00
00
00
00
00
00
00
00
00
00
00
00
00
00
00
00
00
00
00
00
00
00
00
00
00
00
00
00
00
00
00
00
00
00
00
00
00
00
00
00
00
00
00
00
00
00
00
00
00
00
00
00
00
00
00
00
00
00
00
00
00
00
00
00
00
00
00
00
00
00
00
00
00
00
00
00
00
00
00
00
00
00
00
00
00
00
00
00
00
00
00
00
00
00
00
00
00
00
00
00
00
00
00
00
00
00
00
00
00
00
00
00
00
00
00
00
00
00
00
00
00
00
00
00
00
00
00
00
00
00
00
00
00
00
00
00
00
