8B
44
24
08
81
EC
04
02
00
00
2D
10
01
00
00
0F
84
37
01
00
00
48
74
74
83
E8
27
74
0B
33
C0
81
C4
04
02
00
00
C2
10
00
8B
84
24
14
02
00
00
50
FF
15
CC
30
00
10
3D
EB
03
00
00
7C
E0
3D
EC
03
00
00
7E
07
3D
F5
03
00
00
75
D2
6A
0F
FF
15
D0
30
00
10
3D
C0
C0
C0
00
75
C3
56
8B
B4
24
14
02
00
00
68
80
00
00
00
56
FF
15
14
30
00
10
68
C0
C0
C0
00
56
FF
15
18
30
00
10
6A
01
FF
15
20
30
00
10
5E
81
C4
04
02
00
00
C2
10
00
8B
84
24
10
02
00
00
25
FF
FF
00
00
3D
F6
03
00
00
0F
85
81
00
00
00
8D
4C
24
00
68
04
01
00
00
51
6A
00
FF
15
48
30
00
10
8D
54
24
00
6A
5C
52
FF
15
8C
30
00
10
83
C4
08
85
C0
74
75
40
68
10
40
00
10
50
FF
15
38
30
00
10
8D
84
24
04
01
00
00
68
00
01
00
00
8B
8C
24
0C
02
00
00
50
68
F6
03
00
00
51
FF
15
D4
30
00
10
8D
94
24
04
01
00
00
8D
44
24
00
52
50
FF
15
2C
30
00
10
8D
4C
24
00
6A
05
51
FF
15
34
30
00
10
B8
01
00
00
00
81
C4
04
02
00
00
C2
10
00
83
F8
01
74
05
83
F8
02
75
10
8B
94
24
08
02
00
00
6A
01
52
FF
15
D8
30
00
10
B8
01
00
00
00
81
C4
04
02
00
00
C2
10
00
8B
84
24
14
02
00
00
8B
8C
24
10
02
00
00
8B
94
24
08
02
00
00
50
51
52
E8
17
00
00
00
81
C4
04
02
00
00
C2
10
00
90
90
90
90
90
90
90
90
90
90
90
90
90
90
81
EC
68
06
00
00
53
55
56
8B
B4
24
78
06
00
00
57
56
FF
15
98
30
00
10
8B
0D
FC
41
00
10
68
00
01
00
00
89
44
24
20
8D
84
24
B4
01
00
00
50
6A
05
51
FF
15
94
30
00
10
8B
2D
DC
30
00
10
8D
94
24
B0
01
00
00
52
6A
01
56
FF
D5
8D
84
24
30
03
00
00
68
04
01
00
00
50
6A
00
FF
15
48
30
00
10
8D
8C
24
30
03
00
00
6A
5C
51
FF
15
8C
30
00
10
8B
1D
38
30
00
10
83
C4
08
85
C0
74
3E
8D
78
01
8D
94
24
34
05
00
00
57
52
FF
D3
68
8C
41
00
10
57
FF
D3
8D
84
24
30
03
00
00
50
FF
15
74
30
00
10
83
F8
FF
75
15
6A
00
68
F6
03
00
00
56
FF
15
A0
30
00
10
50
FF
15
B8
30
00
10
8B
94
24
84
06
00
00
8D
8C
24
74
05
00
00
68
04
01
00
00
51
8B
02
50
FF
15
48
30
00
10
8D
4C
24
14
8D
94
24
74
05
00
00
51
52
E8
A2
0D
00
00
8B
F8
85
FF
0F
84
49
02
00
00
57
6A
42
FF
15
3C
30
00
10
50
FF
15
5C
30
00
10
85
C0
89
44
24
10
0F
84
2D
02
00
00
50
8B
44
24
18
57
8D
8C
24
7C
05
00
00
50
51
E8
62
0D
00
00
85
C0
75
20
8B
54
24
10
8B
3D
60
30
00
10
52
FF
D7
50
FF
15
64
30
00
10
8B
44
24
10
50
FF
D7
E9
EE
01
00
00
8B
44
24
10
8D
4C
24
20
8D
54
24
24
51
52
68
70
41
00
10
50
C7
44
24
30
00
00
00
00
E8
29
0D
00
00
8B
44
24
20
85
C0
75
07
B8
09
04
E4
04
EB
06
8B
4C
24
24
8B
01
8B
D0
25
FF
FF
00
00
C1
EA
10
52
50
8D
84
24
C0
00
00
00
68
54
41
00
10
50
FF
15
B4
30
00
10
83
C4
10
8D
BC
04
B8
00
00
00
68
44
41
00
10
57
FF
D3
8D
4C
24
14
8D
54
24
18
51
8B
4C
24
14
8D
84
24
BC
00
00
00
52
50
51
E8
C7
0C
00
00
85
C0
74
14
8B
4C
24
14
85
C9
76
0C
8B
44
24
18
8A
54
08
FF
84
D2
74
05
B8
EC
41
00
10
8D
94
24
F0
02
00
00
50
52
FF
D3
68
34
41
00
10
57
FF
D3
8D
44
24
18
8D
4C
24
14
50
8B
44
24
14
8D
94
24
BC
00
00
00
51
52
50
E8
7B
0C
00
00
85
C0
74
14
8B
4C
24
18
85
C9
76
0C
8B
44
24
14
8A
54
08
FF
84
D2
74
05
B8
EC
41
00
10
50
68
EC
03
00
00
56
FF
D5
68
24
41
00
10
57
FF
D3
8D
4C
24
18
8D
54
24
14
51
8B
4C
24
14
8D
84
24
BC
00
00
00
52
50
51
E8
31
0C
00
00
85
C0
74
14
8B
4C
24
18
85
C9
76
0C
8B
44
24
14
8A
54
08
FF
84
D2
74
05
B8
EC
41
00
10
8D
94
24
B0
02
00
00
50
52
FF
D3
68
18
41
00
10
57
FF
D3
8D
44
24
18
8D
4C
24
14
50
8B
44
24
14
8D
94
24
BC
00
00
00
51
52
50
E8
E5
0B
00
00
85
C0
74
14
8B
4C
24
18
85
C9
76
0C
8B
44
24
14
8A
54
08
FF
84
D2
74
05
B8
EC
41
00
10
8D
8C
24
B4
04
00
00
50
51
FF
D3
68
08
41
00
10
57
FF
D3
8D
54
24
18
8D
44
24
14
8B
7C
24
10
52
8D
8C
24
BC
00
00
00
50
51
57
E8
99
0B
00
00
85
C0
74
14
8B
4C
24
18
85
C9
76
0C
8B
44
24
14
8A
54
08
FF
84
D2
74
05
B8
EC
41
00
10
8D
94
24
34
04
00
00
50
52
FF
D3
57
FF
15
60
30
00
10
50
FF
15
64
30
00
10
57
FF
15
60
30
00
10
50
FF
15
68
30
00
10
8B
0D
FC
41
00
10
8D
84
24
30
03
00
00
68
04
01
00
00
50
51
FF
15
48
30
00
10
8D
94
04
2D
03
00
00
68
04
41
00
10
52
FF
D3
8B
3D
44
30
00
10
8D
84
24
30
03
00
00
50
8D
8C
24
F4
02
00
00
6A
40
8D
94
24
F8
02
00
00
51
52
8D
84
24
44
05
00
00
68
FC
40
00
10
50
FF
D7
A1
FC
41
00
10
8D
8C
24
F0
02
00
00
51
8D
94
24
B4
01
00
00
68
00
01
00
00
52
6A
00
50
FF
15
94
30
00
10
8D
8C
04
B4
01
00
00
51
FF
D3
8D
94
24
B0
01
00
00
52
56
FF
15
E0
30
00
10
8D
84
24
30
03
00
00
8D
8C
24
B0
02
00
00
50
6A
40
8D
94
24
B8
02
00
00
51
52
68
24
41
00
10
68
F0
40
00
10
FF
D7
8B
0D
FC
41
00
10
8D
44
24
78
6A
40
50
6A
04
51
FF
15
94
30
00
10
8B
1D
B4
30
00
10
8D
94
24
B0
02
00
00
8D
44
24
78
52
8D
8C
24
B4
01
00
00
50
51
FF
D3
83
C4
0C
8D
94
24
B0
01
00
00
52
68
F5
03
00
00
56
FF
D5
8D
84
24
30
03
00
00
8D
8C
24
B4
04
00
00
50
68
80
00
00
00
8D
94
24
BC
04
00
00
51
52
68
18
41
00
10
68
F0
40
00
10
FF
D7
8D
84
24
B4
04
00
00
50
68
EA
03
00
00
56
FF
D5
8D
8C
24
30
03
00
00
8D
94
24
34
04
00
00
51
68
80
00
00
00
8D
84
24
3C
04
00
00
52
50
68
08
41
00
10
68
F0
40
00
10
FF
D7
8D
8C
24
34
04
00
00
51
68
EB
03
00
00
56
FF
D5
8D
94
24
8C
01
00
00
52
FF
15
40
30
00
10
BF
EC
41
00
10
8B
84
24
8C
01
00
00
85
C0
75
2F
8B
84
24
A4
01
00
00
3D
82
01
00
00
75
07
BF
E8
40
00
10
EB
1A
3D
E6
01
00
00
75
07
BF
E0
40
00
10
EB
0C
3D
4A
02
00
00
75
05
BF
D8
40
00
10
8B
0D
FC
41
00
10
8D
44
24
78
6A
40
50
6A
01
51
FF
15
94
30
00
10
8D
54
24
78
57
8D
84
24
B4
01
00
00
52
50
FF
D3
83
C4
0C
8D
8C
24
B0
01
00
00
51
68
ED
03
00
00
56
FF
D5
8D
94
24
F8
00
00
00
C7
84
24
F8
00
00
00
94
00
00
00
52
FF
15
70
30
00
10
B8
EC
41
00
10
8B
8C
24
08
01
00
00
85
C9
75
0A
B8
C4
40
00
10
E9
40
01
00
00
83
F9
01
0F
85
A4
00
00
00
8D
44
24
10
33
FF
50
68
19
00
02
00
57
68
98
40
00
10
68
02
00
00
80
FF
15
00
30
00
10
85
C0
75
56
8D
4C
24
18
8D
94
24
B0
01
00
00
51
8B
4C
24
14
8D
44
24
18
52
50
57
68
18
41
00
10
51
C7
44
24
30
00
01
00
00
FF
15
04
30
00
10
85
C0
75
0C
83
7C
24
14
01
75
05
BF
01
00
00
00
8B
54
24
10
52
FF
15
08
30
00
10
85
FF
74
0C
8D
84
24
B0
01
00
00
E9
C0
00
00
00
8B
84
24
FC
00
00
00
83
F8
04
77
17
75
0B
8B
84
24
00
01
00
00
85
C0
77
0A
B8
8C
40
00
10
E9
9D
00
00
00
B8
80
40
00
10
E9
93
00
00
00
83
F9
02
0F
85
8A
00
00
00
8D
44
24
10
33
FF
50
68
19
00
02
00
57
68
50
40
00
10
68
02
00
00
80
FF
15
00
30
00
10
85
C0
75
53
8D
4C
24
18
8D
94
24
B0
01
00
00
51
8B
4C
24
14
8D
44
24
18
52
50
57
68
18
41
00
10
51
C7
44
24
30
00
01
00
00
FF
15
04
30
00
10
85
C0
75
0C
83
7C
24
14
01
75
05
BF
01
00
00
00
8B
54
24
10
52
FF
15
08
30
00
10
85
FF
74
09
8D
84
24
B0
01
00
00
EB
16
8B
84
24
FC
00
00
00
83
F8
04
B8
44
40
00
10
76
05
B8
34
40
00
10
8B
8C
24
04
01
00
00
8B
94
24
00
01
00
00
81
E1
FF
FF
00
00
51
8B
8C
24
00
01
00
00
52
51
50
8D
94
24
C0
01
00
00
68
20
40
00
10
52
FF
D3
83
C4
18
8D
84
24
B0
01
00
00
50
68
EF
03
00
00
56
FF
D5
8A
84
24
0C
01
00
00
3C
20
8D
84
24
0D
01
00
00
74
07
8D
84
24
0C
01
00
00
50
68
F7
03
00
00
56
FF
D5
8D
4C
24
58
C7
44
24
58
20
00
00
00
51
FF
15
6C
30
00
10
A1
FC
41
00
10
8B
3D
94
30
00
10
8D
54
24
78
6A
40
52
6A
02
50
FF
D7
68
00
00
10
00
6A
01
8B
4C
24
68
51
FF
15
30
30
00
10
83
C0
07
8D
54
24
78
24
F8
50
8D
84
24
B4
01
00
00
52
50
FF
D3
83
C4
0C
8D
8C
24
B0
01
00
00
51
68
F0
03
00
00
56
FF
D5
A1
FC
41
00
10
8D
54
24
78
6A
40
52
6A
03
50
FF
D7
83
BC
24
08
01
00
00
02
75
24
8B
44
24
68
8B
54
24
6C
50
2B
C2
6A
64
50
FF
15
30
30
00
10
8D
4C
24
78
50
8D
94
24
B4
01
00
00
51
52
EB
21
6A
00
E8
EB
05
00
00
25
FF
FF
00
00
B9
64
00
00
00
2B
C8
8D
54
24
78
51
8D
84
24
B4
01
00
00
52
50
FF
D3
83
C4
0C
8D
8C
24
B0
01
00
00
51
68
EE
03
00
00
56
FF
D5
8B
3D
BC
30
00
10
6A
00
8B
5C
24
20
6A
00
6A
37
53
FF
D7
85
C0
75
0D
6A
F2
53
FF
15
C0
30
00
10
85
C0
74
17
6A
00
50
68
70
01
00
00
68
E9
03
00
00
56
FF
15
A0
30
00
10
50
FF
D7
8B
15
00
42
00
10
6A
00
52
6A
30
68
EA
03
00
00
56
FF
15
A0
30
00
10
50
FF
D7
8D
44
24
38
50
56
FF
15
EC
30
00
10
8B
5C
24
40
8B
BC
24
84
06
00
00
8B
54
24
38
2B
DA
8B
47
04
89
5C
24
10
85
C0
75
2C
8B
4F
08
85
C9
75
25
8B
4F
0C
85
C9
75
1E
8D
4C
24
28
51
68
F3
03
00
00
56
FF
15
A0
30
00
10
50
FF
15
EC
30
00
10
8B
6C
24
2C
EB
25
50
68
F2
03
00
00
56
FF
D5
8B
57
08
52
68
F1
03
00
00
56
FF
D5
8B
47
0C
50
68
F4
03
00
00
56
FF
D5
8B
6C
24
44
8B
54
24
1C
8B
44
24
3C
8D
4C
24
28
2B
E8
51
52
FF
15
EC
30
00
10
6A
00
8B
44
24
34
8B
4C
24
2C
2B
C1
2B
C3
99
2B
C2
8B
F8
D1
FF
03
F9
FF
15
C4
30
00
10
8D
0C
1F
3B
C8
7E
04
2B
C3
8B
F8
8B
44
24
34
8B
4C
24
2C
2B
C1
6A
01
2B
C5
99
2B
C2
8B
D8
D1
FB
03
D9
FF
15
C4
30
00
10
8D
14
2B
3B
D0
7E
04
2B
C5
8B
D8
85
FF
7C
13
85
DB
7C
0F
8B
44
24
1C
50
FF
15
E8
30
00
10
85
C0
75
3B
8D
4C
24
48
6A
00
51
6A
00
6A
30
FF
15
E4
30
00
10
8B
7C
24
48
8B
5C
24
4C
8B
44
24
50
8B
54
24
10
2B
C7
2B
C2
99
2B
C2
8B
F8
8B
44
24
54
2B
C3
2B
C5
99
2B
C2
8B
D8
D1
FF
D1
FB
8B
54
24
10
6A
00
55
52
53
57
56
FF
15
C8
30
00
10
5F
5E
5D
B8
01
00
00
00
5B
81
C4
68
06
00
00
C2
0C
00
90
90
90
83
EC
10
56
8B
74
24
18
56
FF
15
A8
30
00
10
85
C0
74
3F
6A
FA
56
FF
15
A4
30
00
10
8B
4C
24
20
89
44
24
04
8B
44
24
1C
8B
54
24
24
89
44
24
08
8D
44
24
04
50
89
4C
24
10
8B
0D
FC
41
00
10
68
00
10
00
10
56
6A
65
51
89
54
24
24
FF
15
9C
30
00
10
5E
83
C4
10
C2
10
00
90
90
90
90
90
90
90
83
EC
10
56
8B
74
24
18
56
FF
15
A8
30
00
10
85
C0
74
3A
8B
4C
24
20
8B
54
24
24
8B
44
24
1C
89
4C
24
08
8D
4C
24
04
89
54
24
0C
8B
15
FC
41
00
10
51
68
00
10
00
10
89
44
24
0C
8B
44
24
30
56
6A
65
52
89
44
24
24
FF
15
9C
30
00
10
5E
83
C4
10
C2
14
00
90
90
90
90
90
90
90
90
90
90
90
90
8B
44
24
0C
8B
54
24
04
81
EC
58
02
00
00
8D
8C
24
54
01
00
00
53
55
8B
AC
24
68
02
00
00
56
57
68
04
01
00
00
51
C6
45
00
00
52
C6
00
00
FF
15
48
30
00
10
8D
44
24
10
8D
8C
24
64
01
00
00
50
51
E8
F6
03
00
00
8B
1D
38
30
00
10
8B
F8
85
FF
0F
84
28
01
00
00
57
6A
42
FF
15
3C
30
00
10
50
FF
15
5C
30
00
10
8B
F0
85
F6
0F
84
0E
01
00
00
8B
54
24
10
56
57
8D
84
24
6C
01
00
00
52
50
E8
B2
03
00
00
85
C0
0F
84
D8
00
00
00
8D
4C
24
18
8D
54
24
1C
51
52
68
70
41
00
10
56
C7
44
24
28
00
00
00
00
E8
99
03
00
00
8B
44
24
18
85
C0
75
07
B8
09
04
E4
04
EB
06
8B
44
24
1C
8B
00
8B
C8
25
FF
FF
00
00
C1
E9
10
51
50
8D
54
24
28
68
54
41
00
10
52
FF
15
B4
30
00
10
83
C4
10
8D
7C
04
20
68
18
41
00
10
57
FF
D3
8D
44
24
10
8D
4C
24
14
50
8D
54
24
24
51
52
56
E8
44
03
00
00
85
C0
74
14
8B
4C
24
10
85
C9
76
0C
8B
44
24
14
8A
54
08
FF
84
D2
74
05
B8
EC
41
00
10
50
55
FF
D3
68
24
41
00
10
57
FF
D3
8D
44
24
14
8D
4C
24
10
50
8D
54
24
24
51
52
56
E8
06
03
00
00
85
C0
74
14
8B
4C
24
14
85
C9
76
0C
8B
44
24
10
8A
54
08
FF
84
D2
74
05
B8
EC
41
00
10
50
8B
84
24
78
02
00
00
50
FF
D3
8B
3D
60
30
00
10
56
FF
D7
50
FF
15
64
30
00
10
56
FF
D7
50
FF
15
68
30
00
10
8B
15
FC
41
00
10
8D
4C
24
60
68
04
01
00
00
51
52
FF
15
48
30
00
10
8D
44
04
5D
68
04
41
00
10
50
FF
D3
8B
35
44
30
00
10
8D
4C
24
60
8B
84
24
74
02
00
00
51
68
80
00
00
00
50
50
68
24
41
00
10
68
F0
40
00
10
FF
D6
8D
54
24
60
52
68
80
00
00
00
55
55
68
18
41
00
10
68
F0
40
00
10
FF
D6
5F
5E
5D
5B
81
C4
58
02
00
00
C2
0C
00
90
90
90
90
90
8B
44
24
08
81
EC
04
01
00
00
83
F8
01
0F
85
AF
00
00
00
8B
84
24
08
01
00
00
56
8D
4C
24
04
68
04
01
00
00
51
50
A3
FC
41
00
10
FF
15
48
30
00
10
68
A4
41
00
10
8D
54
24
08
6A
5C
52
FF
15
8C
30
00
10
83
C4
08
40
50
FF
15
38
30
00
10
8D
44
24
04
50
FF
15
50
30
00
10
6A
00
A3
F0
41
00
10
FF
15
B0
30
00
10
68
9C
41
00
10
6A
00
6A
00
6A
00
6A
00
6A
00
6A
00
6A
00
6A
00
68
BC
02
00
00
6A
00
6A
00
6A
00
8B
F0
6A
48
6A
5A
56
FF
15
1C
30
00
10
50
6A
0A
FF
15
30
30
00
10
F7
D8
50
FF
15
24
30
00
10
56
6A
00
A3
00
42
00
10
FF
15
AC
30
00
10
B8
01
00
00
00
5E
81
C4
04
01
00
00
C2
0C
00
85
C0
75
20
A1
00
42
00
10
85
C0
74
07
50
FF
15
10
30
00
10
A1
F0
41
00
10
85
C0
74
07
50
FF
15
4C
30
00
10
B8
01
00
00
00
81
C4
04
01
00
00
C2
0C
00
90
90
90
90
90
90
90
90
90
90
90
90
8B
0D
F4
41
00
10
85
C9
75
17
68
B4
41
00
10
FF
15
54
30
00
10
8B
C8
85
C9
89
0D
F4
41
00
10
74
37
66
81
39
4D
5A
75
30
33
C0
66
8B
41
3C
03
C1
66
81
38
50
45
75
21
8B
40
78
8B
54
24
04
03
C1
56
4A
8B
70
14
3B
D6
5E
7D
0E
8B
40
1C
8D
14
90
8B
04
0A
03
C1
C2
04
00
33
C0
C2
04
00
90
90
90
55
8B
EC
83
EC
24
53
56
57
68
B4
41
00
10
FF
15
54
30
00
10
89
45
DC
83
7D
DC
00
75
09
66
B8
63
00
E9
B6
00
00
00
68
E0
41
00
10
8B
45
DC
50
FF
15
58
30
00
10
89
45
E0
83
7D
E0
00
75
09
66
B8
63
00
E9
95
00
00
00
6A
23
E8
52
FF
FF
FF
89
45
EC
83
7D
EC
00
75
06
66
B8
63
00
EB
7F
6A
25
E8
3C
FF
FF
FF
89
45
E8
83
7D
E8
00
75
06
66
B8
63
00
EB
69
6A
24
E8
26
FF
FF
FF
89
45
F4
83
7D
F4
00
75
06
66
B8
63
00
EB
53
68
D8
41
00
10
FF
55
EC
89
45
FC
83
7D
FC
00
75
06
66
B8
63
00
EB
3C
8B
4D
FC
51
FF
55
F4
68
C0
41
00
10
8B
55
FC
52
FF
55
E8
89
45
F0
83
7D
F0
00
75
06
66
B8
63
00
EB
1A
66
8B
45
08
66
89
45
E4
66
FF
75
E4
8B
55
F0
FF
55
E0
66
89
45
F8
66
8B
45
F8
5F
5E
5B
8B
E5
5D
C2
04
00
CC
FF
25
FC
30
00
10
FF
25
F8
30
00
10
FF
25
F4
30
00
10
8B
44
24
08
85
C0
75
0E
39
05
F8
41
00
10
7E
2E
FF
0D
F8
41
00
10
8B
0D
80
30
00
10
83
F8
01
8B
09
89
0D
04
42
00
10
75
3F
68
80
00
00
00
FF
15
84
30
00
10
85
C0
59
A3
0C
42
00
10
75
04
33
C0
EB
66
83
20
00
A1
0C
42
00
10
68
04
40
00
10
68
00
40
00
10
A3
08
42
00
10
E8
EA
00
00
00
FF
05
F8
41
00
10
59
59
EB
3D
85
C0
75
39
A1
0C
42
00
10
85
C0
74
30
8B
0D
08
42
00
10
56
8D
71
FC
3B
F0
72
12
8B
0E
85
C9
74
07
FF
D1
A1
0C
42
00
10
83
EE
04
EB
EA
50
FF
15
7C
30
00
10
83
25
0C
42
00
10
00
59
5E
6A
01
58
C2
0C
00
83
EC
04
60
31
C0
40
C1
E0
06
50
BE
00
04
00
00
6B
F6
04
56
B8
01
00
00
00
C1
E0
0B
50
6A
00
FF
15
40
30
00
10
89
C1
8D
15
58
51
00
10
31
DB
09
D3
B8
58
51
00
10
F7
D8
01
C3
53
51
8B
3A
57
5E
83
C2
25
83
EA
21
8D
7C
32
FF
8A
1F
31
C0
88
44
31
FF
08
5C
31
FF
83
C6
FF
83
FE
00
75
E8
58
50
8F
40
01
FF
D0
F6
74
05
83
FE
03
75
26
57
56
53
E8
E0
FE
FF
FF
85
C0
75
03
21
45
0C
83
7D
0C
00
74
11
A1
10
42
00
10
85
C0
74
08
57
56
53
FF
D0
89
45
0C
8B
45
0C
5F
5E
5B
5D
C2
0C
00
FF
25
88
30
00
10
00
00
00
00
00
00
00
00
00
00
00
00
00
00
00
00
00
00
00
00
00
00
00
00
00
00
00
00
00
00
00
00
00
00
00
00
00
00
00
00
00
00
00
00
00
00
00
00
00
00
00
00
00
00
00
00
00
00
00
00
00
00
00
00
00
00
00
00
00
00
00
00
00
00
00
00
00
00
00
00
00
00
00
00
00
00
00
00
00
00
00
00
00
00
00
00
00
00
00
00
00
00
00
00
00
00
00
00
00
00
00
00
00
00
00
00
00
00
00
00
00
00
00
00
00
00
00
00
00
00
00
00
00
00
00
00
00
00
00
00
00
00
00
00
00
00
00
00
00
00
00
00
00
00
00
00
00
00
00
00
00
00
00
00
00
00
00
00
00
00
00
00
00
00
00
00
00
00
00
00
00
00
00
00
00
00
00
00
00
00
00
00
00
00
00
00
00
00
00
00
00
00
00
00
00
00
00
00
00
00
00
00
00
00
00
00
00
00
00
00
00
00
00
00
00
00
00
00
00
00
00
00
00
00
00
00
00
00
00
00
00
00
00
00
00
00
00
00
00
00
00
00
00
00
00
00
00
00
00
00
00
00
00
00
00
00
00
00
00
00
00
00
00
00
00
00
00
00
00
00
00
00
00
00
00
00
00
00
00
00
00
00
00
00
00
00
00
00
00
00
00
00
00
00
00
00
00
00
00
00
00
00
00
00
00
00
00
00
00
00
00
00
00
00
00
00
00
00
00
00
00
00
00
00
00
00
00
00
00
00
00
00
00
00
00
00
00
00
00
00
00
00
00
00
00
00
00
00
00
00
00
00
00
00
00
00
00
00
00
00
00
00
00
00
00
00
00
00
00
00
00
00
00
00
00
00
00
00
00
00
00
00
00
00
00
00
00
00
00
00
00
00
00
00
00
00
00
00
00
00
00
00
00
00
00
00
00
00
00
00
00
00
00
00
00
00
00
00
00
00
00
00
00
00
00
00
00
00
00
00
00
00
00
00
00
00
00
00
00
00
00
00
00
00
00
00
00
00
00
00
00
00
00
00
00
00
00
00
00
00
00
00
00
00
00
00
00
00
00
00
00
00
00
00
00
00
00
00
00
00
00
00
00
00
00
00
00
00
00
00
00
00
00
00
00
00
00
00
00
00
00
00
00
00
00
00
00
00
00
00
00
00
00
00
00
00
00
00
00
00
00
00
00
00
00
00
00
00
00
00
00
00
00
00
00
00
00
00
00
00
00
00
00
00
00
00
00
00
00
00
00
00
00
00
00
00
00
00
00
00
00
00
00
00
00
00
00
00
00
00
00
00
00
00
00
00
00
00
00
00
00
00
00
00
00
00
00
00
00
00
00
00
00
00
00
00
00
00
00
00
00
00
00
00
00
00
00
00
00
00
00
00
00
00
00
00
00
00
00
00
00
00
00
00
00
00
00
00
00
00
00
00
00
00
00
00
00
00
00
00
00
00
00
00
00
00
00
00
00
00
00
00
00
00
00
00
00
00
00
00
00
00
00
00
00
00
00
00
00
00
00
00
00
00
00
00
00
00
00
00
00
00
00
00
00
00
00
00
00
00
00
00
00
00
00
00
00
00
00
00
00
00
00
00
00
00
00
00
00
00
00
00
00
00
00
00
00
00
00
00
00
00
00
00
00
00
00
00
00
00
00
00
00
00
00
00
00
00
00
00
00
00
00
00
00
00
00
00
00
00
00
00
00
00
00
00
00
00
00
00
00
00
00
00
00
00
00
00
00
00
00
00
00
00
00
00
00
00
00
00
00
00
00
00
00
00
00
00
00
00
00
00
00
00
00
00
00
00
00
00
00
00
00
00
00
00
00
00
00
00
00
00
00
00
00
00
00
00
00
00
00
00
00
00
00
00
00
00
00
00
00
00
00
00
00
00
00
00
00
00
00
00
00
00
00
00
00
00
00
00
00
00
00
00
00
00
00
00
00
00
00
00
00
00
00
00
00
00
00
00
00
00
00
00
00
00
00
00
00
00
00
00
00
00
00
00
00
00
00
00
00
00
00
00
00
00
00
00
00
00
00
00
00
00
00
00
00
00
00
00
00
00
00
00
00
00
00
00
00
00
00
00
00
00
00
00
00
00
00
00
00
00
00
00
00
00
00
00
00
00
00
00
00
00
00
00
00
00
00
00
00
00
00
00
00
00
00
00
00
00
00
00
00
00
00
00
00
00
00
00
00
00
00
00
00
00
00
00
00
00
00
00
00
00
00
00
00
00
00
00
00
00
00
00
00
00
00
00
00
00
00
00
00
00
00
00
00
00
00
00
00
00
00
00
00
00
00
00
00
00
00
00
00
00
00
00
00
00
00
00
00
00
00
00
00
00
00
00
00
00
00
00
00
00
00
00
00
00
00
00
00
00
00
00
00
00
00
00
00
00
00
00
00
00
00
00
00
00
00
00
00
00
00
00
00
00
00
00
00
00
00
00
00
00
00
00
00
00
00
00
00
00
00
00
00
00
00
00
00
00
00
00
00
00
00
00
00
00
00
00
00
00
00
00
00
00
00
00
00
00
00
00
00
00
00
00
00
00
00
00
00
00
00
00
00
00
00
00
00
00
00
00
00
00
00
00
00
00
00
00
00
00
00
00
00
00
00
00
00
00
00
00
00
00
00
00
00
00
00
00
00
00
00
00
00
00
00
00
00
00
00
00
00
00
00
00
00
00
00
00
00
00
00
00
00
00
00
00
00
00
00
00
00
00
00
00
00
00
00
00
00
00
00
00
00
00
00
00
00
00
00
00
00
00
00
00
00
00
00
00
00
00
00
00
00
00
00
00
00
00
00
00
00
00
00
00
00
00
00
00
00
00
00
00
00
00
00
00
00
00
00
00
00
00
00
00
00
00
00
00
00
00
00
00
00
00
00
00
00
00
00
00
00
00
00
00
00
00
00
00
00
00
00
00
00
00
00
00
00
00
00
00
00
00
00
00
00
00
00
00
00
00
00
00
00
00
00
00
00
00
00
00
00
00
00
00
00
00
00
00
00
00
00
00
00
00
00
00
00
00
00
00
00
00
00
00
00
00
00
00
00
00
00
00
00
00
00
00
00
00
00
00
00
00
00
00
00
00
00
00
00
00
00
00
00
00
00
00
00
00
00
00
00
00
00
00
00
00
00
00
00
00
00
00
00
00
00
00
00
00
00
00
00
00
00
00
00
00
00
00
00
00
00
00
00
00
00
00
00
00
00
00
00
00
00
00
00
00
00
00
00
00
00
00
00
00
00
00
00
00
00
00
00
00
00
00
00
00
00
00
00
00
00
00
00
00
00
00
00
00
00
00
00
00
00
00
00
00
00
00
00
00
00
00
00
00
00
00
00
00
00
00
00
00
00
00
00
00
00
00
00
00
00
00
00
00
00
00
00
00
00
00
00
00
00
00
00
00
00
00
00
00
00
00
00
00
00
00
00
00
00
00
00
00
00
00
00
00
00
00
00
00
00
00
00
00
00
00
00
00
00
00
00
00
00
00
00
00
00
00
00
00
00
00
00
00
00
00
00
00
00
00
00
00
00
00
00
00
00
00
00
00
00
00
00
00
00
00
00
00
00
00
00
00
00
00
00
00
00
00
00
00
00
00
00
00
00
00
00
00
00
00
00
00
00
00
00
00
00
00
00
00
00
00
00
00
00
00
00
00
00
00
00
00
00
00
00
00
00
00
00
00
00
00
00
00
00
00
00
00
00
00
00
00
00
00
00
00
00
00
00
00
00
00
00
00
00
00
00
00
00
00
00
00
00
00
00
00
00
00
00
00
00
00
00
00
00
00
00
00
00
00
00
00
00
00
00
00
00
00
00
00
00
00
00
00
00
00
00
00
00
00
00
00
00
00
00
00
00
00
00
00
00
00
00
00
00
00
00
00
00
00
00
00
00
00
00
00
00
00
00
00
00
00
00
00
00
00
00
00
00
00
00
00
00
00
00
00
00
00
00
00
00
00
00
00
00
00
00
00
00
00
00
00
00
00
00
00
00
00
00
00
00
00
00
00
00
00
00
00
00
00
00
00
00
00
00
00
00
00
00
00
00
00
00
00
00
00
00
00
00
00
00
00
00
00
00
00
00
00
00
00
00
00
00
00
00
00
00
00
00
00
00
00
00
00
00
00
00
00
00
00
00
00
00
00
00
00
00
00
00
00
00
00
00
00
00
00
00
00
00
00
00
00
00
00
00
00
00
00
00
00
00
00
00
00
00
00
00
00
00
00
00
00
00
00
00
00
00
00
00
00
00
00
00
00
00
00
00
00
00
00
00
00
00
00
00
00
00
00
00
00
00
00
00
00
00
00
00
00
00
00
00
00
00
00
00
00
00
00
00
00
00
00
00
00
00
00
00
00
00
00
00
00
00
00
00
00
00
00
00
00
00
00
00
00
00
00
00
00
00
00
00
00
00
00
00
00
00
00
00
00
00
00
00
00
00
00
00
00
00
00
00
00
00
00
00
00
00
00
00
00
00
00
00
00
00
00
00
00
00
00
00
00
00
00
00
00
00
00
00
00
00
00
00
00
00
00
00
00
00
00
00
00
00
00
00
00
00
00
00
00
00
00
00
00
00
00
00
00
00
00
00
00
00
00
00
00
00
00
00
00
00
00
00
00
00
00
00
00
00
00
00
00
00
00
00
00
00
00
00
00
00
00
00
00
00
00
00
00
00
00
00
00
00
00
00
00
00
00
00
00
00
00
00
00
00
00
00
00
00
00
00
00
00
00
00
00
00
00
00
00
00
00
00
00
00
00
00
00
00
00
00
00
00
00
00
00
00
00
00
00
00
00
00
00
00
00
00
00
00
00
00
00
00
00
00
00
00
00
00
00
00
00
00
00
00
00
00
00
00
00
00
00
00
00
00
00
00
00
00
00
00
00
00
00
00
00
00
00
00
00
00
00
00
00
00
00
00
00
00
00
00
00
00
00
00
00
00
00
00
00
00
00
00
00
00
00
00
00
00
00
00
00
00
00
00
00
00
00
00
00
00
00
00
00
00
00
00
00
00
00
00
00
00
00
00
00
00
00
00
00
00
00
00
00
00
00
00
00
00
00
00
00
00
00
00
00
00
00
00
00
00
00
00
00
00
00
00
00
00
00
00
00
00
00
00
00
00
00
00
00
00
00
00
00
00
00
00
00
00
00
00
00
00
00
00
00
00
00
00
00
00
00
00
00
00
00
00
00
00
00
00
00
00
00
00
00
00
00
00
00
00
00
00
00
00
00
00
00
00
00
00
00
00
00
00
00
00
00
00
00
00
00
00
00
00
00
00
00
00
00
00
00
00
00
00
00
00
00
00
00
00
00
00
00
00
00
00
00
00
00
00
00
00
00
00
00
00
00
00
00
00
00
00
00
00
00
00
00
00
00
00
00
00
00
00
00
00
00
00
00
00
00
00
00
00
00
00
00
00
00
00
00
00
00
00
00
00
00
00
00
00
00
00
00
00
00
00
00
00
00
00
00
00
00
00
00
00
00
00
00
00
00
00
00
00
00
00
00
00
00
00
00
00
00
00
00
00
00
00
00
00
00
00
00
00
00
00
00
00
00
00
00
00
00
00
00
00
00
00
00
00
00
00
00
00
00
00
00
00
00
00
00
00
00
00
00
00
00
00
00
00
00
00
00
00
00
00
00
00
00
00
00
00
00
00
00
00
00
00
00
00
00
00
00
00
00
00
00
00
00
00
00
00
00
00
00
00
00
00
00
00
00
00
00
00
00
00
00
00
00
00
00
00
00
00
00
00
00
00
00
00
00
00
00
00
00
00
00
00
00
00
00
00
00
00
00
00
00
00
00
00
00
00
00
00
00
00
00
00
00
00
00
00
00
00
00
00
00
00
00
00
00
00
00
00
00
00
00
00
00
00
00
00
00
00
00
00
00
00
00
00
00
00
00
00
00
00
00
00
00
00
00
00
00
00
00
00
00
00
00
00
00
00
00
00
00
00
00
00
00
00
00
00
00
00
00
00
00
00
00
00
00
00
00
00
00
00
00
00
00
00
00
00
00
00
00
00
00
00
00
00
00
00
00
00
00
00
00
00
00
00
00
00
00
00
00
00
00
00
00
00
00
00
00
00
00
00
00
00
00
00
00
00
00
00
00
00
00
00
00
00
00
00
00
00
00
00
00
00
00
00
00
00
00
00
00
00
00
00
00
00
00
00
00
00
00
00
00
00
00
00
00
00
00
00
00
00
00
00
00
00
00
00
00
00
00
00
00
00
00
00
00
00
00
00
00
00
00
00
00
00
00
00
00
00
00
00
00
00
00
00
00
00
00
00
00
00
00
00
00
00
00
00
00
00
00
00
00
00
00
00
00
00
00
00
00
00
00
00
00
00
00
00
00
00
00
00
00
00
00
00
00
00
00
00
00
00
00
00
00
00
00
00
00
00
00
00
00
00
00
00
00
00
00
00
00
00
00
00
00
00
00
00
00
00
00
00
00
00
00
00
00
00
00
00
00
00
00
00
00
00
00
00
00
00
00
00
00
00
00
00
00
00
00
00
00
00
00
00
00
00
00
00
00
00
00
00
00
00
00
00
00
00
00
00
00
00
00
00
00
00
00
00
00
00
00
00
00
00
00
00
00
00
00
00
00
00
00
00
00
00
00
00
00
00
00
00
00
00
00
00
00
00
00
00
00
00
00
00
00
00
00
00
00
00
00
00
00
00
00
00
00
00
00
00
00
00
00
00
00
00
00
00
00
00
00
00
00
00
00
00
00
00
00
00
00
00
00
00
00
00
00
00
00
00
00
00
00
00
00
00
00
00
00
00
00
00
00
00
00
00
00
00
00
00
00
00
00
00
00
00
00
00
00
00
00
00
00
00
00
00
00
00
00
00
00
00
00
00
00
00
00
00
00
00
00
00
00
00
00
00
00
00
00
00
00
00
00
00
00
00
00
00
00
00
00
00
00
00
00
00
00
00
00
00
00
00
00
00
00
00
00
00
00
00
00
00
00
00
00
00
00
00
00
00
00
00
00
00
00
00
00
00
00
00
00
00
00
00
00
00
00
00
00
00
00
00
00
00
00
00
00
00
00
00
00
00
00
00
00
00
00
00
00
00
00
00
00
00
00
00
00
00
00
00
00
00
00
00
00
00
00
00
00
00
00
00
00
00
00
00
00
00
00
00
00
00
00
00
00
00
00
00
00
00
00
00
00
00
00
00
00
00
00
00
00
00
00
00
00
00
00
00
00
00
00
00
00
00
00
00
00
00
00
00
00
00
00
00
00
00
00
00
00
00
00
00
00
00
00
00
00
00
00
00
00
00
00
00
00
00
00
00
00
00
00
00
00
00
00
00
00
00
00
00
00
00
00
00
00
00
00
00
00
00
00
00
00
00
00
00
00
00
00
00
00
00
00
00
00
00
00
00
00
00
00
00
00
00
00
00
00
00
00
00
00
00
00
00
00
00
00
00
00
00
00
00
00
00
00
00
00
00
00
00
00
00
00
00
00
00
00
00
00
00
00
00
00
00
00
00
00
00
00
00
00
00
00
00
00
00
00
00
00
00
00
00
00
00
00
00
00
00
00
00
00
00
00
00
00
00
00
00
00
00
00
00
00
00
00
00
00
00
00
00
00
00
00
00
00
00
00
00
00
00
00
00
00
00
00
00
00
00
00
00
00
00
00
00
00
00
00
00
00
00
00
00
00
00
00
00
00
00
00
00
00
00
00
00
00
00
00
00
00
00
00
00
00
00
00
00
00
00
00
00
00
00
00
00
00
00
00
00
00
00
00
00
00
00
00
00
00
00
00
00
00
00
00
00
00
00
00
00
00
00
00
00
00
00
00
00
00
00
00
00
00
00
00
00
00
00
00
00
00
00
00
00
00
00
00
00
00
00
00
00
00
00
00
00
00
00
00
00
00
00
00
00
00
00
00
00
00
00
00
00
00
00
00
00
00
00
00
00
00
00
00
00
00
00
00
00
00
00
00
00
00
00
00
00
00
00
00
00
00
00
00
00
00
00
00
00
00
00
00
00
00
00
00
00
00
00
00
00
00
00
00
00
00
00
00
00
00
00
00
00
00
00
00
00
00
00
00
00
00
00
00
00
00
00
00
00
00
00
00
00
00
00
00
00
00
00
00
00
00
00
00
00
00
00
00
00
00
00
00
00
00
00
00
00
00
00
00
00
00
00
00
00
00
00
00
00
00
00
00
00
00
00
00
00
00
00
00
00
00
00
00
00
00
00
00
00
00
00
00
00
00
00
00
00
00
00
00
00
00
00
00
00
00
00
00
00
00
00
00
00
00
00
00
00
00
00
00
00
00
00
00
00
00
00
00
00
00
00
00
00
00
00
00
00
00
00
00
00
00
00
00
00
00
00
00
00
00
00
00
00
00
00
00
00
00
00
00
00
00
00
00
00
00
00
00
00
00
00
00
00
00
00
00
00
00
