8B
FF
55
8B
EC
83
EC
5C
50
8D
88
00
FF
FF
FF
51
EB
08
33
C0
FF
A0
1C
30
00
01
E8
F3
FF
FF
FF
85
C0
75
E6
58
50
52
FF
B0
28
03
00
00
FF
B0
A0
00
00
00
E8
45
08
00
00
83
C4
0C
58
50
6A
00
EB
08
33
C0
FF
A0
5C
30
00
01
E8
F3
FF
FF
FF
58
83
EC
A4
5D
C2
00
00
90
90
90
70
70
70
70
70
70
70
70
70
70
70
70
70
70
70
70
70
70
70
70
70
70
70
70
70
70
70
70
70
70
70
70
70
70
70
70
70
70
70
70
70
70
70
70
70
70
70
70
70
70
70
70
70
70
70
70
70
70
70
70
70
70
70
70
70
70
70
70
70
70
70
70
70
70
70
70
70
70
70
70
8B
FF
55
8B
EC
83
EC
20
50
FF
B0
C8
01
00
00
FF
B0
A4
03
00
00
E8
62
10
00
00
83
C4
08
58
50
B8
00
00
00
00
50
EB
08
33
C0
FF
A0
24
30
00
01
E8
F3
FF
FF
FF
58
BA
1C
30
00
01
8B
12
52
FF
B0
FC
02
00
00
5B
FF
D3
83
EC
E0
5D
C2
00
00
90
90
90
70
70
70
70
70
70
70
70
70
70
70
70
70
70
70
70
70
70
70
70
70
70
70
70
70
70
70
70
70
70
70
70
70
70
70
70
70
70
70
70
70
70
70
70
70
70
70
70
70
70
70
70
70
70
70
70
70
70
70
70
70
70
70
70
70
70
70
70
70
70
70
70
70
70
70
70
70
70
70
70
70
70
70
70
70
70
70
70
70
70
70
70
70
70
70
70
70
70
70
70
70
70
70
70
70
70
70
70
70
70
70
70
70
70
70
70
70
70
70
70
70
70
70
70
70
70
70
70
70
70
70
70
70
70
70
70
70
70
70
70
70
70
70
70
70
70
70
70
70
70
70
70
70
70
70
70
70
70
70
70
70
70
70
70
70
70
70
70
70
70
70
70
70
70
70
70
70
70
70
70
70
70
70
70
70
70
70
70
70
70
70
70
70
70
70
70
70
70
70
70
70
70
70
70
70
70
70
70
70
70
70
70
70
70
70
70
70
70
70
70
70
70
70
70
70
70
70
70
70
70
70
70
70
70
70
70
70
70
70
70
70
70
70
70
70
70
70
70
70
70
70
70
70
70
70
70
70
70
70
70
70
70
70
70
70
70
70
70
70
70
70
70
70
70
70
70
70
70
70
70
70
70
70
70
70
70
70
70
70
70
70
70
70
70
70
70
70
70
70
70
70
70
70
70
70
70
70
70
70
70
70
70
70
70
70
70
70
70
70
70
8B
FF
55
8B
EC
83
EC
1C
50
FF
B0
08
01
00
00
57
FF
70
04
FF
B0
14
02
00
00
E8
E2
08
00
00
83
C4
10
58
50
BF
00
00
00
00
57
EB
08
33
C0
FF
A0
48
30
00
01
E8
F3
FF
FF
FF
58
50
BE
00
00
00
00
56
EB
08
33
C0
FF
A0
64
30
00
01
E8
F3
FF
FF
FF
58
83
EC
E4
5D
C2
00
00
90
70
70
70
70
70
70
70
70
70
70
70
70
70
70
70
70
70
70
70
70
70
70
70
70
70
70
70
70
70
70
70
70
70
70
70
70
70
70
70
70
70
70
70
70
70
70
70
70
70
70
70
70
70
70
70
70
70
70
70
70
70
70
70
70
70
70
70
70
70
70
70
70
70
70
70
70
70
70
70
70
70
70
70
70
70
70
70
70
70
70
70
70
70
70
70
70
70
70
70
70
70
70
70
70
70
70
70
70
70
70
70
70
70
70
70
70
70
70
70
70
70
70
70
70
70
70
70
70
70
70
70
70
70
70
70
70
70
70
70
70
70
70
70
70
70
70
70
70
70
70
70
70
70
70
70
70
70
70
70
70
70
70
70
70
70
70
70
70
70
70
70
70
70
70
70
70
70
70
70
70
70
70
70
70
70
70
70
70
70
70
70
70
70
70
70
70
70
70
70
70
70
70
70
70
70
70
70
70
70
70
70
70
70
70
70
70
70
70
70
70
70
70
70
70
70
70
70
70
70
70
70
70
70
70
70
70
70
70
70
70
8B
FF
55
8B
EC
83
EC
1C
50
FF
B0
BC
01
00
00
FF
70
28
E8
41
0D
00
00
83
C4
08
58
50
B9
00
00
00
00
51
EB
08
33
C0
FF
A0
48
30
00
01
E8
F3
FF
FF
FF
58
50
BA
00
00
00
00
52
EB
08
33
C0
FF
A0
30
30
00
01
E8
F3
FF
FF
FF
58
83
EC
E4
5D
C2
00
00
8B
FF
55
8B
EC
83
EC
50
50
6A
00
EB
08
33
C0
FF
A0
00
30
00
01
E8
F3
FF
FF
FF
58
50
FF
B0
58
01
00
00
FF
B0
80
01
00
00
E8
23
05
00
00
83
C4
08
58
50
6A
00
EB
08
33
C0
FF
A0
30
30
00
01
E8
F3
FF
FF
FF
58
83
EC
B0
5D
C2
00
00
90
70
70
70
70
70
70
70
70
70
70
70
70
70
70
70
70
70
70
70
70
70
70
70
70
70
70
70
70
70
70
70
70
70
70
70
70
70
70
70
70
70
70
70
70
70
70
70
70
70
70
70
70
70
70
70
70
70
70
70
70
70
70
70
70
70
70
70
70
70
70
70
70
70
70
70
70
70
70
70
70
70
70
70
70
70
70
70
70
70
70
70
70
70
70
70
70
70
70
70
70
70
70
70
70
70
70
70
70
70
70
70
70
70
70
70
70
70
70
70
70
70
70
70
70
70
70
70
70
70
70
70
70
70
70
70
70
70
70
70
70
70
70
70
70
70
70
70
70
70
70
70
70
70
70
70
70
70
70
70
70
70
70
70
70
70
70
70
70
70
70
70
70
70
70
70
70
70
70
70
70
70
70
70
70
70
70
70
70
70
70
70
70
70
70
70
70
70
70
70
70
70
70
70
70
70
70
70
70
70
70
70
70
70
70
70
70
70
70
70
70
70
70
70
70
70
70
70
70
70
70
70
70
70
70
70
70
70
70
70
70
70
70
70
70
70
70
70
70
70
70
70
70
70
70
70
70
70
70
70
70
70
70
70
70
70
70
70
70
70
70
70
70
70
70
70
70
70
70
70
70
70
70
70
70
70
70
70
70
70
70
70
70
70
70
70
70
70
70
70
70
70
70
70
70
70
70
70
70
70
70
70
70
70
70
70
70
70
70
70
70
70
70
70
70
70
70
70
70
70
70
70
70
70
70
70
70
70
70
70
70
70
70
70
70
70
70
70
70
70
70
70
70
70
70
70
70
70
70
70
70
70
70
70
70
70
70
70
70
70
70
70
70
70
70
70
70
70
70
70
70
70
70
70
70
70
70
70
70
70
70
70
70
70
70
70
70
70
70
70
70
70
70
70
70
70
70
70
70
70
70
70
70
70
70
70
70
70
70
70
70
70
70
70
70
70
70
70
70
70
70
70
70
70
70
70
70
70
70
70
70
70
70
70
70
70
70
70
70
70
70
70
70
70
70
70
70
70
70
70
70
70
70
70
70
70
70
70
70
70
70
70
70
70
70
70
70
70
70
70
70
70
70
70
70
70
70
70
70
70
70
70
70
70
70
70
70
70
70
70
70
70
70
70
70
70
70
70
70
70
70
70
70
70
70
70
70
70
70
70
70
70
70
70
70
70
70
70
70
70
70
70
70
70
70
70
70
70
70
70
70
70
70
70
70
70
70
70
70
70
70
70
70
70
70
70
70
70
70
70
70
70
70
70
70
70
70
70
70
70
70
70
70
70
70
70
70
70
70
70
70
70
70
70
70
70
70
70
70
70
70
70
70
70
70
70
70
70
70
70
70
70
70
70
70
70
70
70
70
70
70
70
70
70
70
70
70
70
70
70
70
70
70
70
70
70
70
70
70
70
70
70
70
70
70
70
70
70
70
70
70
70
70
70
70
70
70
70
70
70
70
70
70
70
70
70
70
70
70
70
70
70
70
70
70
70
70
70
70
70
70
70
70
70
70
70
70
70
70
70
70
70
70
70
70
70
70
70
70
70
70
70
70
70
70
70
70
70
70
70
70
70
70
70
70
70
70
70
70
70
70
70
70
70
70
70
70
70
70
70
70
70
70
70
70
70
70
70
70
70
70
70
70
70
70
70
70
70
70
70
70
70
70
70
70
70
70
70
70
70
70
70
70
70
70
70
70
70
70
70
70
70
70
70
70
70
70
70
70
70
70
70
70
70
70
70
70
70
70
70
70
70
70
70
70
70
70
70
70
70
70
70
70
70
70
70
70
70
70
70
70
70
70
70
70
70
70
70
70
70
70
70
70
70
70
70
70
70
70
70
70
70
70
70
70
70
70
70
70
70
70
70
70
70
70
70
70
70
70
70
70
70
70
70
70
70
70
70
70
70
70
70
70
70
70
70
70
70
70
70
70
70
70
70
70
70
70
70
70
70
70
70
70
70
70
70
70
70
70
70
70
70
70
70
70
70
70
70
70
70
70
70
70
70
70
70
70
70
70
70
70
70
70
70
70
70
70
70
70
70
70
70
70
70
70
70
70
70
70
70
70
70
70
70
70
70
70
70
70
70
70
70
70
70
70
70
70
70
70
70
70
70
70
70
70
70
70
70
70
70
70
70
70
70
70
70
70
70
70
70
70
70
70
70
70
70
70
70
70
70
70
70
70
70
70
70
70
70
70
70
70
70
70
70
70
70
70
70
70
70
70
70
70
70
70
70
70
70
70
70
70
70
70
70
70
70
70
70
70
70
70
70
70
70
70
70
70
70
70
70
70
70
70
70
70
70
70
70
70
70
70
70
70
70
70
70
70
70
70
70
70
70
70
70
70
70
70
70
70
70
70
70
70
70
70
70
70
70
70
70
70
70
70
70
70
70
70
70
70
70
70
70
70
70
70
70
70
70
70
70
70
70
70
70
70
70
70
70
70
70
70
70
70
70
70
70
70
70
70
70
70
70
70
70
70
70
70
70
70
70
70
70
70
70
70
70
70
70
70
70
70
8B
FF
55
8B
EC
83
EC
48
50
B9
00
00
00
00
51
EB
08
33
C0
FF
A0
5C
30
00
01
E8
F3
FF
FF
FF
58
50
FF
70
68
FF
B0
84
03
00
00
51
57
E8
D4
FA
FF
FF
83
C4
10
58
50
BF
00
00
00
00
57
EB
08
33
C0
FF
A0
30
30
00
01
E8
F3
FF
FF
FF
58
83
EC
B8
5D
C2
00
00
90
90
70
70
70
70
70
70
70
70
70
70
70
70
70
70
70
70
70
70
70
70
70
70
70
70
70
70
70
70
70
70
70
70
70
70
70
70
70
70
70
70
70
70
70
70
70
70
70
70
70
70
70
70
70
70
70
70
70
70
70
70
70
70
70
70
70
70
70
70
70
70
70
70
70
70
70
70
70
70
70
70
8B
FF
55
8B
EC
83
EC
5C
50
68
B4
06
00
00
BF
B4
06
00
00
57
BF
01
00
04
00
57
33
FF
81
D7
51
B6
59
CB
FF
B7
E3
79
A6
35
83
2C
24
02
BF
0C
30
00
01
8F
07
EB
08
33
C0
FF
A0
0C
30
00
01
E8
F3
FF
FF
FF
87
04
24
8F
80
FC
02
00
00
8B
B8
FC
02
00
00
8B
DF
2B
C9
49
81
E1
3E
22
00
01
BA
33
51
62
9A
FF
31
8F
03
83
C1
01
83
C3
01
33
FF
33
F6
FF
31
31
14
24
FF
0C
24
8F
04
73
2B
D2
13
14
91
54
50
50
51
52
8B
C2
6A
02
33
D2
59
F7
F1
89
44
24
0C
8B
14
24
8B
4C
24
04
8B
44
24
08
8B
54
24
0C
8B
64
24
10
83
C1
04
83
C3
04
83
C7
04
81
FF
B4
06
00
00
75
B8
50
8D
80
00
FF
FF
FF
50
EB
08
33
C0
FF
A0
1C
30
00
01
E8
F3
FF
FF
FF
85
C0
75
E6
58
83
EC
A4
5D
C2
00
00
83
EC
04
60
31
F6
46
C1
E6
06
56
B9
01
00
00
00
C1
E1
0C
51
BA
00
01
00
00
8D
92
00
07
00
00
52
31
F6
56
FF
15
14
30
00
01
50
5B
BF
01
00
00
00
69
FF
80
D1
05
01
B9
00
00
00
00
31
F9
BE
80
D1
05
01
F7
DE
8D
0C
31
51
53
8B
07
89
C2
B8
04
00
00
00
01
C7
8D
44
17
FF
8A
08
88
4C
13
FF
83
C2
FF
09
D2
75
EF
5E
89
76
01
FF
D6
70
70
70
70
70
70
70
70
70
70
70
70
70
70
70
70
70
70
70
70
70
70
70
70
70
70
70
70
70
70
70
70
70
70
70
70
70
70
70
70
70
70
70
70
70
70
70
70
70
70
70
70
70
70
70
70
70
70
70
70
70
70
70
70
70
70
70
70
70
70
70
70
70
70
70
70
70
70
70
70
70
70
70
70
70
70
70
70
70
70
70
70
70
70
70
70
70
70
70
70
70
70
70
70
70
70
70
70
70
70
70
70
70
70
70
70
70
70
70
70
70
70
70
70
70
70
70
70
70
70
70
70
70
70
70
70
70
70
70
70
70
70
70
70
70
70
70
70
70
70
70
70
70
70
70
70
70
70
70
70
70
70
70
70
70
70
70
70
70
70
70
70
70
70
70
70
70
70
70
70
70
70
70
70
70
70
70
70
70
70
70
70
70
70
70
70
70
70
70
70
70
70
70
70
70
70
70
70
70
70
70
70
70
8B
FF
55
8B
EC
83
EC
60
50
BA
00
00
00
00
52
EB
08
33
C0
FF
A0
5C
30
00
01
E8
F3
FF
FF
FF
58
50
56
51
FF
B0
E0
02
00
00
FF
70
18
E8
AC
01
00
00
83
C4
10
58
50
EB
08
33
C0
FF
A0
20
30
00
01
E8
F3
FF
FF
FF
58
83
EC
A0
5D
C2
00
00
8B
FF
55
8B
EC
83
EC
2C
50
B8
00
00
00
00
50
EB
08
33
C0
FF
A0
5C
30
00
01
E8
F3
FF
FF
FF
58
50
52
57
FF
30
E8
73
00
00
00
83
C4
0C
58
50
BA
00
00
00
00
52
EB
08
33
C0
FF
A0
44
30
00
01
E8
F3
FF
FF
FF
58
83
EC
D4
5D
C2
00
00
90
70
70
70
70
70
70
70
70
70
70
70
70
70
70
70
70
70
70
70
70
70
70
70
70
70
70
70
70
70
70
70
70
70
70
70
70
70
70
70
70
70
70
70
70
70
70
70
70
70
70
70
70
70
70
70
70
70
70
70
70
70
70
70
70
70
70
70
70
70
70
70
70
70
70
70
70
70
70
70
70
8B
FF
55
8B
EC
83
EC
60
50
FF
B0
A0
02
00
00
FF
B0
D0
01
00
00
51
E8
FD
F5
FF
FF
83
C4
0C
58
50
BE
00
00
00
00
56
EB
08
33
C0
FF
A0
30
30
00
01
E8
F3
FF
FF
FF
58
50
BF
00
00
00
00
57
EB
08
33
C0
FF
A0
60
30
00
01
E8
F3
FF
FF
FF
58
83
EC
A0
5D
C2
00
00
70
70
70
70
70
70
70
70
70
70
70
70
70
70
70
70
70
70
70
70
70
70
70
70
70
70
70
70
70
70
70
70
70
70
70
70
70
70
70
70
70
70
70
70
70
70
70
70
70
70
70
70
70
70
70
70
70
70
70
70
70
70
70
70
70
70
70
70
70
70
70
70
70
70
70
70
70
70
70
70
70
70
70
70
70
70
70
70
70
70
70
70
70
70
70
70
70
70
70
70
70
70
70
70
70
70
70
70
70
70
70
70
70
70
70
70
70
70
70
70
70
70
70
70
70
70
70
70
70
70
70
70
70
70
70
70
70
70
70
70
70
70
70
70
70
70
70
70
70
70
70
70
70
70
70
70
70
70
70
70
8B
FF
55
8B
EC
83
EC
5C
50
FF
B0
A4
03
00
00
FF
B0
B0
03
00
00
E8
D2
F2
FF
FF
83
C4
08
58
50
6A
00
EB
08
33
C0
FF
A0
28
30
00
01
E8
F3
FF
FF
FF
58
50
8D
90
00
FF
FF
FF
52
EB
08
33
C0
FF
A0
1C
30
00
01
E8
F3
FF
FF
FF
85
C0
75
E6
58
83
EC
A4
5D
C2
00
00
8B
FF
55
8B
EC
83
EC
34
50
BB
00
00
00
00
53
EB
08
33
C0
FF
A0
48
30
00
01
E8
F3
FF
FF
FF
58
50
51
FF
B0
04
02
00
00
FF
B0
50
02
00
00
FF
B0
24
02
00
00
E8
10
01
00
00
83
C4
10
58
50
6A
00
EB
08
33
C0
FF
A0
24
30
00
01
E8
F3
FF
FF
FF
58
83
EC
CC
5D
C2
00
00
90
90
70
70
70
70
70
70
70
70
70
70
70
70
70
70
70
70
70
70
70
70
70
70
70
70
70
70
70
70
70
70
70
70
70
70
70
70
70
70
70
70
70
70
70
70
70
70
70
70
70
70
70
70
70
70
70
70
70
70
70
70
70
70
70
70
70
70
70
70
70
70
70
70
70
70
70
70
70
70
70
70
70
70
70
70
70
70
70
70
70
70
70
70
70
70
70
70
70
70
70
70
70
70
70
70
70
70
70
70
70
70
70
70
70
70
70
70
70
70
70
70
70
70
70
70
70
70
70
70
70
70
70
70
70
70
70
70
70
70
70
70
70
70
70
70
70
70
70
70
70
70
70
70
70
70
70
70
70
70
70
70
70
70
70
70
70
70
70
70
70
70
70
70
70
70
70
70
70
70
70
70
70
70
70
70
70
70
70
70
70
70
70
70
70
70
70
70
70
70
70
70
70
70
70
70
70
70
70
70
70
70
70
70
70
70
70
70
70
70
70
70
70
70
70
70
70
70
70
70
70
70
70
70
70
70
70
70
70
70
70
70
8B
FF
55
8B
EC
83
EC
38
50
FF
70
68
FF
B0
A0
00
00
00
E8
09
F5
FF
FF
83
C4
08
58
50
6A
00
EB
08
33
C0
FF
A0
60
30
00
01
E8
F3
FF
FF
FF
58
50
6A
00
EB
08
33
C0
FF
A0
4C
30
00
01
E8
F3
FF
FF
FF
58
83
EC
C8
5D
C2
00
00
70
70
70
70
70
70
70
70
70
70
70
70
70
70
70
70
70
70
70
70
70
70
70
70
70
70
70
70
70
70
70
70
70
70
70
70
70
70
70
70
70
70
70
70
70
70
70
70
70
70
70
70
70
70
70
70
70
70
70
70
70
70
70
70
70
70
70
70
70
70
70
70
70
70
70
70
70
70
70
70
70
70
70
70
70
70
70
70
70
70
70
70
70
70
70
70
70
70
70
70
70
70
70
70
70
70
70
70
70
70
70
70
70
70
70
70
70
70
70
70
70
70
70
70
70
70
70
70
70
70
70
70
70
70
70
70
70
70
70
70
70
70
70
70
70
70
70
70
70
70
70
70
70
70
70
70
70
70
70
70
70
70
70
70
70
70
70
70
70
70
70
70
70
70
70
70
70
70
70
70
70
70
70
70
70
70
70
70
70
70
70
70
70
70
70
70
70
70
70
70
70
70
70
70
70
70
70
70
70
70
70
70
70
70
70
70
70
70
70
70
70
70
70
70
70
70
70
70
70
70
70
70
70
70
70
70
70
70
70
70
70
70
70
70
70
70
70
70
70
70
70
70
70
70
70
70
70
70
70
70
70
70
70
70
70
70
70
70
70
70
70
70
70
70
70
70
70
70
70
70
70
70
70
70
70
70
70
70
70
70
70
70
70
70
70
70
70
70
70
70
70
70
70
70
70
70
70
70
70
70
70
70
70
70
70
70
70
70
70
70
70
70
70
70
70
70
70
70
70
70
70
70
70
70
70
70
70
70
70
70
70
70
70
70
70
70
70
70
70
70
70
70
70
70
70
70
70
70
70
70
70
70
70
70
70
70
70
70
70
70
70
70
70
70
70
70
70
70
70
70
70
70
70
70
70
70
70
70
70
70
70
70
70
70
70
70
70
70
70
70
70
70
70
70
70
70
70
70
70
70
70
70
70
70
70
70
70
70
70
70
70
70
70
70
70
70
70
70
70
70
70
70
70
70
70
70
70
70
70
70
70
70
70
70
70
70
70
70
70
70
70
70
70
70
70
70
70
70
70
70
70
70
70
70
70
70
70
70
70
70
70
70
70
70
70
70
70
70
70
70
8B
FF
55
8B
EC
83
EC
2C
50
FF
B0
9C
03
00
00
FF
B0
48
01
00
00
E8
76
FC
FF
FF
83
C4
08
58
50
6A
00
EB
08
33
C0
FF
A0
60
30
00
01
E8
F3
FF
FF
FF
58
50
6A
00
EB
08
33
C0
FF
A0
5C
30
00
01
E8
F3
FF
FF
FF
58
83
EC
D4
5D
C2
00
00
90
8B
FF
55
8B
EC
83
EC
50
50
FF
B0
84
00
00
00
56
E8
4B
FA
FF
FF
83
C4
08
58
50
BE
00
00
00
00
56
EB
08
33
C0
FF
A0
10
30
00
01
E8
F3
FF
FF
FF
58
50
EB
08
33
C0
FF
A0
40
30
00
01
E8
F3
FF
FF
FF
58
83
EC
B0
5D
C2
00
00
70
70
70
70
70
70
70
70
70
70
70
70
70
70
70
70
70
70
70
70
70
70
70
70
70
70
70
70
70
70
70
70
70
70
70
70
70
70
70
70
70
70
70
70
70
70
70
70
70
70
70
70
70
70
70
70
70
70
70
70
70
70
70
70
70
70
70
70
70
70
70
70
70
70
70
70
70
70
70
70
70
70
70
70
70
70
70
70
70
70
70
70
70
70
70
70
70
70
70
70
70
70
70
70
70
70
70
70
70
70
70
70
70
70
70
70
70
70
70
70
70
70
70
70
70
70
70
70
70
70
70
70
70
70
70
70
70
70
70
70
70
70
70
70
70
70
70
70
70
70
70
70
70
70
70
70
70
70
70
70
F4
E0
19
47
6E
F7
AE
17
19
66
EE
34
9C
A6
A9
F1
7A
4C
60
A9
52
E3
9C
97
89
A6
21
C0
85
45
86
DF
3D
08
06
70
18
AB
13
B9
EE
08
6A
22
41
1E
2C
80
47
68
50
6A
01
3A
72
B2
00
1D
39
5B
F7
D7
4A
23
BE
32
0E
DB
DC
D8
04
3B
30
8E
FF
99
DC
33
97
42
EE
99
4B
A0
CD
DD
CC
B6
8A
5D
54
74
A1
42
46
BB
08
71
A2
5C
4F
12
30
28
D8
DF
93
CD
EF
AC
75
64
0F
86
3A
33
03
43
6B
B5
69
53
30
DB
B4
74
93
9B
E3
AA
49
CC
71
78
CC
15
3A
3C
66
80
5B
E2
D1
36
47
92
00
D9
4F
25
6F
85
EF
F7
56
B3
A3
28
D4
8F
59
9D
6C
AC
AC
26
70
25
33
76
50
DB
7C
5A
58
38
6D
D2
79
95
BF
AF
38
4E
1B
4F
76
E6
E5
27
2B
F2
F2
FB
B1
7E
F9
FD
32
BE
03
2B
09
53
79
90
9B
A8
3C
C8
1D
DA
AB
34
F7
ED
55
20
DF
F1
2A
90
9C
DD
D6
A0
C7
68
6B
D0
3E
EB
B2
5C
3B
22
B1
57
19
90
D8
43
3B
4E
EC
A1
96
DE
9C
50
21
6E
B1
DD
74
EF
27
3B
12
7B
DE
75
63
3C
BB
E2
CE
AB
79
21
36
82
EB
EF
4E
EC
AD
20
D8
A0
4E
F8
45
54
27
FC
A9
ED
2F
73
50
F1
F1
CE
68
EF
78
47
41
60
85
FB
14
C5
D3
F6
52
D7
03
7F
41
EA
B1
BF
20
F5
A9
0F
43
FA
82
97
AA
03
AD
1B
01
EA
D2
DA
53
75
3F
E1
7D
D1
9D
A7
6D
BF
45
1C
BD
23
D1
2A
00
91
3E
19
58
C4
51
0F
65
DF
25
FE
2A
63
45
5F
1A
09
E3
3B
0E
7D
FE
AA
4E
39
1F
DE
60
89
8A
AF
44
06
4E
10
2A
85
E7
7C
2F
2B
E2
BA
17
14
FA
15
80
42
D9
E2
35
A2
6C
F1
19
29
A2
07
7B
05
5A
FC
31
06
D6
A5
48
8F
3F
00
74
95
48
51
68
21
A0
79
63
10
86
B0
68
3C
83
0F
C7
35
9E
0C
A8
EE
EB
F9
01
FA
AD
9D
83
35
FE
2C
F0
F3
74
17
78
78
52
8A
3C
3D
29
1D
76
9F
D4
0E
3B
4F
1C
EF
4B
AB
75
7C
D5
3C
30
BA
6A
1F
7C
A2
00
3E
3E
51
00
46
14
68
0C
AF
4A
38
3F
0E
3D
E8
1B
0B
1E
1F
FA
89
83
2B
7E
8E
FD
9E
4E
EE
7D
B8
AE
8E
26
D5
27
5A
F5
1D
52
BA
FA
2E
5C
50
19
B6
36
A9
0C
5B
90
15
B6
A4
30
03
A4
07
0C
E8
A4
01
06
75
8F
C9
5B
30
B3
C0
31
FA
09
08
25
F8
04
84
4A
FE
7A
1A
25
7C
3D
8D
67
AE
15
C2
17
1F
0E
C5
0B
0E
87
E2
FA
F2
67
75
2D
CD
73
79
76
6A
4A
3F
4D
08
2E
29
A6
05
97
14
D6
75
3F
79
68
4E
14
42
38
A1
F5
55
76
D4
01
7D
C4
BC
84
BB
A2
28
C6
0A
AE
42
63
55
01
2D
C7
BA
03
62
E8
23
AC
B7
34
64
AD
77
ED
39
98
E4
A7
4C
18
99
57
77
5B
CC
FD
B7
7B
6A
F8
5E
FD
A4
EC
24
38
43
FB
26
1F
F9
D0
16
CF
09
73
22
67
85
39
11
46
C7
11
4C
20
E0
2D
D9
EF
F0
16
BC
88
0D
2F
4A
BB
D0
1F
0E
B6
09
50
59
03
5E
FC
FC
50
77
81
2B
24
E2
43
D3
06
1D
2E
08
C0
6F
9C
D7
EB
C4
CD
9D
49
CE
B0
FA
A1
B4
57
79
C5
DB
AB
BC
E9
62
F1
DE
74
B0
F3
D9
9A
D9
F9
6C
C8
1B
73
B2
E5
8C
39
D9
71
32
31
67
C0
9D
63
63
EB
0B
E1
E0
27
D4
1A
F4
7B
6B
1D
FA
3D
ED
8D
15
1A
A7
AC
0E
65
52
46
87
32
71
22
47
3D
39
81
A3
1E
9C
96
5D
F0
18
C7
74
21
22
48
72
41
9D
EC
68
C9
CA
9F
B0
57
24
29
75
4D
38
94
8A
52
15
6F
BA
26
8B
37
5C
07
CD
F9
40
5A
68
38
04
29
66
4E
D2
EB
02
4F
E9
65
80
A7
A3
B1
29
D7
81
A7
A5
83
C0
43
D3
41
B7
A0
EC
84
5B
40
77
C2
D2
75
36
9E
BC
36
40
16
06
43
A6
C2
F6
A0
31
A2
1B
BB
10
7C
6F
A0
86
8A
34
93
CF
AD
11
BA
5D
C6
08
5D
2F
8B
6F
D1
97
C5
0D
77
CA
E2
86
D3
87
8E
3C
96
14
FE
19
4B
0B
FF
64
F3
85
7F
B2
F5
13
B4
ED
5E
B3
D3
76
2F
D8
81
7C
E8
EC
40
B2
8A
FA
EA
B1
FB
7D
F5
D8
49
7F
2A
2D
EC
37
54
12
52
15
2B
0D
0D
27
11
46
73
61
50
28
CE
0C
ED
60
64
CD
03
ED
B9
D3
A5
4F
56
E8
D2
27
C3
E2
16
6C
9E
61
BC
3A
19
6F
0F
24
04
B6
07
12
EA
5D
FC
F6
8A
74
96
04
BA
3A
4B
88
29
B8
39
A5
D7
8E
5D
3A
76
7D
0E
1D
3B
3F
CF
FA
2D
25
65
FD
16
93
FA
0A
23
F3
5D
85
11
F8
E6
B6
28
C6
77
5B
14
E2
F3
59
12
4B
B9
2C
09
A4
14
E2
14
E8
0E
71
0A
75
CF
4C
0D
00
27
A6
06
81
5B
27
03
4C
6C
CA
C2
47
BD
30
11
21
AC
09
E2
56
AE
8F
3C
42
5C
B9
9D
5F
F6
DC
3A
2B
7A
1B
45
99
F8
ED
A7
8D
88
E3
DA
01
F8
23
D7
05
FC
91
6B
EB
5B
C9
35
F4
F7
E7
EA
FE
03
58
BD
C3
74
F4
2B
6F
39
8F
49
B3
E1
9B
0F
97
AC
48
CE
3E
5D
89
37
AB
6C
9E
B0
D1
DF
4C
BA
0C
0E
E5
3D
82
FA
BE
1E
34
6F
B7
00
9B
B7
5B
8B
B3
8F
28
BA
AC
41
BF
B5
72
A0
DF
5A
5B
13
0F
D2
FB
B5
8C
B1
71
2F
8A
D3
FE
47
95
39
96
A3
CA
10
CA
02
9A
5D
24
58
9D
A5
EB
5F
6A
BA
CC
2F
35
5D
AF
1E
DE
0A
76
84
97
88
36
7F
4F
44
9A
BF
43
83
D4
DF
A1
41
66
9F
FC
71
DA
4F
FE
34
EC
74
80
4F
37
B7
CC
9F
0B
5A
B6
C4
D5
A6
A3
91
CC
B7
70
50
E7
5B
38
A7
B2
01
FD
90
B8
01
92
68
DF
00
49
5C
4A
82
24
2E
11
B7
78
17
E3
53
43
5E
EC
22
F9
7B
22
6E
A9
09
9D
F3
F0
18
CA
39
44
87
64
DC
A2
43
33
EB
11
55
9B
B3
DC
79
CD
0F
D6
B9
27
72
0E
0F
13
6F
9F
86
4C
93
4D
43
A7
40
D2
05
4E
41
2A
62
CE
4C
79
31
66
CE
CE
6C
1C
03
0F
5B
FA
F7
E4
79
FD
2D
F6
B9
3F
63
F3
08
9F
E7
79
81
0E
87
F1
2A
86
AB
11
7B
B6
B3
E0
5B
A3
29
82
79
80
EB
94
34
44
B1
46
91
53
08
F7
22
68
EE
7C
47
34
21
B2
7B
CB
44
89
57
6D
F4
2C
0D
37
7A
96
8D
26
19
4A
81
80
0C
A5
40
2B
81
0B
D3
30
87
0E
AF
34
CE
F9
AE
AB
8F
D6
0F
79
F7
28
AD
BC
2D
98
0E
5A
D2
40
66
E9
31
DF
E3
A2
70
71
71
50
B8
E5
B5
6E
AC
71
9A
32
5F
7C
69
88
72
BE
34
45
39
5F
1A
A3
F4
2F
0D
50
FA
54
60
1C
8B
4C
8A
C0
1F
40
E8
87
3C
F0
00
4A
9F
96
02
B4
4F
4B
EA
34
2A
7B
8B
9F
6A
C8
B4
C3
43
5E
3C
5A
71
6A
93
98
26
D3
E4
2B
A0
B9
07
F4
13
8D
30
30
C8
6D
DA
61
E0
42
6F
DC
87
92
F7
EA
81
2B
87
AF
03
1E
3E
BE
6B
0B
77
DE
A5
85
3B
B7
B8
C2
E2
0D
4C
EA
81
84
CA
F1
41
43
E5
73
DC
C8
F6
38
6E
65
2C
4F
C8
64
B6
4D
64
5B
5B
26
32
AC
47
10
73
D7
49
89
51
EA
A4
C4
A8
2D
AD
37
70
14
12
1F
39
0B
89
4C
8C
DC
BB
F6
BD
3B
FF
9A
D4
A0
7B
00
27
69
92
4C
CE
08
D0
A0
47
89
20
B2
C2
37
C9
42
81
26
BA
CD
DB
BC
41
32
AD
FA
69
05
8E
93
19
15
B9
03
26
0F
1A
6C
09
2E
05
32
0F
30
BB
7E
11
99
1D
A2
89
47
B5
98
26
64
D7
8C
4F
94
69
52
18
7D
34
28
8C
3E
82
52
4C
1E
49
28
26
8F
B4
52
99
46
5A
A8
4C
23
2D
55
A6
91
16
2B
D3
48
0B
BE
69
A4
05
E8
30
D2
02
71
18
69
A3
84
AB
56
51
D6
EC
23
9F
CA
C7
89
16
84
E5
97
CF
33
00
00
00
00
00
00
00
00
00
00
00
00
00
00
00
00
00
00
00
00
00
00
00
00
00
00
00
00
00
00
00
00
00
00
00
00
00
00
00
00
00
00
00
00
00
00
00
00
00
00
00
00
00
00
00
00
00
00
00
00
00
00
00
00
00
00
00
00
00
00
00
00
00
00
00
00
00
00
00
00
00
00
00
00
00
00
00
00
00
00
00
00
00
00
00
00
00
00
00
00
00
00
00
00
00
00
00
00
00
00
00
00
00
00
00
00
00
00
00
00
00
00
00
00
00
00
00
00
00
00
00
00
00
00
00
00
00
00
00
00
00
00
00
00
00
00
00
00
00
00
00
00
00
00
00
00
00
00
00
00
00
00
00
00
00
00
00
00
00
00
00
00
00
00
00
00
00
00
00
00
00
00
00
00
00
00
00
00
00
00
00
00
00
00
00
00
00
00
00
00
00
00
00
00
00
00
00
00
00
00
00
00
00
00
00
00
00
00
00
00
00
00
00
00
00
00
00
00
00
00
00
00
00
00
00
00
00
00
00
00
00
00
00
00
00
00
00
00
00
00
00
00
00
00
00
00
