8B
44
24
04
81
EC
5C
0D
00
00
83
F8
1E
0F
85
A0
07
00
00
53
55
56
8B
B4
24
74
0D
00
00
8D
44
24
18
57
8B
BC
24
74
0D
00
00
50
8D
8C
24
34
04
00
00
68
00
01
00
00
51
6A
00
6A
09
56
57
C7
44
24
3C
00
00
00
00
C7
84
24
4C
07
00
00
1D
03
00
00
C7
84
24
6C
0A
00
00
1C
03
00
00
C7
44
24
38
00
01
00
00
FF
15
54
20
00
10
8D
94
24
50
0A
00
00
52
56
57
FF
15
50
20
00
10
8D
44
24
1C
8D
8C
24
30
07
00
00
50
68
1D
03
00
00
8D
94
24
58
0A
00
00
51
52
56
57
FF
15
4C
20
00
10
8D
84
24
48
08
00
00
8D
8C
24
30
02
00
00
50
51
FF
15
18
20
00
10
8B
1D
1C
20
00
10
8D
94
24
30
02
00
00
52
FF
D3
8B
F8
6A
00
8D
44
24
1A
68
38
31
00
10
50
FF
15
64
20
00
10
83
C4
0C
8B
EF
85
FF
76
5F
C6
44
24
19
00
C6
44
24
17
00
8A
8C
2C
30
02
00
00
8D
74
24
16
88
4C
24
18
8D
44
24
18
8A
10
8A
CA
3A
16
75
1C
84
C9
74
14
8A
50
01
8A
CA
3A
56
01
75
0E
83
C0
02
83
C6
02
84
C9
75
E0
33
C0
EB
05
1B
C0
83
D8
FF
85
C0
75
12
8B
44
24
20
85
C0
75
0A
8B
FD
C7
44
24
20
01
00
00
00
4D
75
AB
8B
35
20
20
00
10
8D
84
24
30
02
00
00
68
2C
31
00
10
C6
84
3C
35
02
00
00
00
50
C6
84
3C
38
02
00
00
5C
FF
D6
8D
8C
24
30
01
00
00
68
00
01
00
00
51
FF
15
24
20
00
10
8D
94
24
30
01
00
00
68
20
31
00
10
52
C6
84
04
38
01
00
00
00
FF
D6
8B
35
28
20
00
10
8D
84
24
30
01
00
00
6A
00
8D
8C
24
34
02
00
00
50
51
FF
D6
85
C0
75
27
8D
94
24
30
01
00
00
68
80
00
00
00
52
FF
15
2C
20
00
10
8D
84
24
30
01
00
00
6A
00
8D
8C
24
34
02
00
00
50
51
FF
D6
8D
94
24
30
04
00
00
8D
84
24
30
06
00
00
52
68
F4
30
00
10
50
FF
15
64
20
00
10
83
C4
0C
8D
4C
24
10
8D
94
24
30
06
00
00
51
68
3F
00
0F
00
6A
00
52
68
02
00
00
80
FF
15
00
20
00
10
8B
2D
30
20
00
10
8D
84
24
30
01
00
00
50
8D
4C
24
34
68
00
01
00
00
51
68
40
31
00
10
68
EC
30
00
10
68
E4
30
00
10
FF
D5
8A
44
24
30
84
C0
74
2E
8D
54
24
30
52
FF
15
5C
20
00
10
8B
35
04
20
00
10
6A
04
8B
4C
24
14
89
44
24
30
8D
44
24
30
50
6A
04
6A
00
68
EC
30
00
10
51
FF
D6
EB
06
8B
35
04
20
00
10
8D
94
24
30
01
00
00
8D
44
24
30
52
68
00
01
00
00
50
68
40
31
00
10
68
DC
30
00
10
68
E4
30
00
10
FF
D5
8A
44
24
30
84
C0
74
1D
8D
4C
24
30
51
FF
D3
8D
54
24
30
50
8B
44
24
14
52
6A
01
6A
00
68
DC
30
00
10
50
FF
D6
8D
8C
24
30
01
00
00
8D
54
24
30
51
68
00
01
00
00
52
68
40
31
00
10
68
D0
30
00
10
68
E4
30
00
10
FF
D5
8A
44
24
30
84
C0
74
1D
8D
44
24
30
50
FF
D3
8D
4C
24
30
50
8B
54
24
14
51
6A
01
6A
00
68
D0
30
00
10
52
FF
D6
8D
84
24
30
01
00
00
8D
4C
24
30
50
68
00
01
00
00
51
68
40
31
00
10
68
C0
30
00
10
68
E4
30
00
10
FF
D5
8A
44
24
30
84
C0
74
1D
8D
54
24
30
52
FF
D3
50
8D
44
24
34
8B
4C
24
14
50
6A
01
6A
00
68
C0
30
00
10
51
FF
D6
8D
94
24
30
01
00
00
8D
44
24
30
52
68
00
01
00
00
50
68
40
31
00
10
68
B0
30
00
10
68
E4
30
00
10
FF
D5
8A
44
24
30
84
C0
74
1D
8D
4C
24
30
51
FF
D3
8D
54
24
30
50
8B
44
24
14
52
6A
01
6A
00
68
B0
30
00
10
50
FF
D6
8D
8C
24
30
01
00
00
8D
54
24
30
51
68
00
01
00
00
52
68
40
31
00
10
68
A4
30
00
10
68
E4
30
00
10
FF
D5
8A
44
24
30
84
C0
74
1D
8D
44
24
30
50
FF
D3
8D
4C
24
30
50
8B
54
24
14
51
6A
01
6A
00
68
A4
30
00
10
52
FF
D6
8D
84
24
30
01
00
00
8D
4C
24
30
50
68
00
01
00
00
51
68
40
31
00
10
68
94
30
00
10
68
E4
30
00
10
FF
D5
8A
44
24
30
84
C0
74
1D
8D
54
24
30
52
FF
D3
50
8D
44
24
34
8B
4C
24
14
50
6A
01
6A
00
68
94
30
00
10
51
FF
D6
8D
94
24
30
01
00
00
8D
44
24
30
52
68
00
01
00
00
50
68
40
31
00
10
68
84
30
00
10
68
E4
30
00
10
FF
D5
8A
44
24
30
84
C0
74
1D
8D
4C
24
30
51
FF
D3
8D
54
24
30
50
8B
44
24
14
52
6A
01
6A
00
68
84
30
00
10
50
FF
D6
8D
8C
24
30
01
00
00
8D
54
24
30
51
68
00
01
00
00
52
68
40
31
00
10
68
74
30
00
10
68
E4
30
00
10
FF
D5
8A
44
24
30
84
C0
74
1D
8D
44
24
30
50
FF
D3
8D
4C
24
30
50
8B
54
24
14
51
6A
01
6A
00
68
74
30
00
10
52
FF
D6
8D
84
24
30
01
00
00
8D
4C
24
30
50
68
00
01
00
00
51
68
40
31
00
10
68
6C
30
00
10
68
E4
30
00
10
FF
D5
8A
44
24
30
84
C0
74
1D
8D
54
24
30
52
FF
D3
50
8D
44
24
34
8B
4C
24
14
50
6A
01
6A
00
68
6C
30
00
10
51
FF
D6
8D
94
24
30
01
00
00
8D
44
24
30
52
68
00
01
00
00
50
68
40
31
00
10
68
64
30
00
10
68
E4
30
00
10
FF
D5
8A
44
24
30
84
C0
74
1D
8D
4C
24
30
51
FF
D3
8D
54
24
30
50
8B
44
24
14
52
6A
01
6A
00
68
64
30
00
10
50
FF
D6
8D
8C
24
30
01
00
00
8D
54
24
30
51
68
00
01
00
00
52
68
40
31
00
10
68
60
30
00
10
68
E4
30
00
10
FF
D5
8A
44
24
30
84
C0
74
1D
8D
44
24
30
50
FF
D3
8D
4C
24
30
50
8B
54
24
14
51
6A
01
6A
00
68
60
30
00
10
52
FF
D6
8D
84
24
30
01
00
00
8D
4C
24
30
50
68
00
01
00
00
51
68
40
31
00
10
68
5C
30
00
10
68
E4
30
00
10
FF
D5
8A
44
24
30
84
C0
74
1D
8D
54
24
30
52
FF
D3
50
8D
44
24
34
8B
4C
24
14
50
6A
01
6A
00
68
5C
30
00
10
51
FF
D6
8D
94
24
30
01
00
00
8D
44
24
30
52
68
00
01
00
00
50
68
40
31
00
10
68
54
30
00
10
68
4C
30
00
10
FF
D5
8A
44
24
30
84
C0
74
1D
8D
4C
24
30
51
FF
D3
8D
54
24
30
50
8B
44
24
14
52
6A
01
6A
00
68
54
30
00
10
50
FF
D6
8D
BC
24
48
07
00
00
83
C9
FF
33
C0
8D
94
24
30
05
00
00
F2
AE
F7
D1
2B
F9
8B
C1
8B
F7
8B
FA
C1
E9
02
F3
A5
8B
C8
83
E1
03
33
DB
F3
A4
8B
35
64
20
00
10
6A
00
8D
4C
24
28
68
44
30
00
10
51
FF
D6
83
C4
0C
8D
54
24
1A
53
68
3C
30
00
10
52
FF
D6
8D
7C
24
26
83
C9
FF
33
C0
83
C4
0C
F2
AE
F7
D1
2B
F9
8D
54
24
24
8B
F7
8B
FA
8B
D1
83
C9
FF
F2
AE
8B
CA
4F
C1
E9
02
F3
A5
8B
CA
8D
84
24
30
01
00
00
83
E1
03
50
F3
A4
8D
4C
24
34
68
00
01
00
00
51
68
40
31
00
10
8D
54
24
34
68
30
30
00
10
52
FF
D5
8D
74
24
30
8D
84
24
30
05
00
00
8A
10
8A
CA
3A
16
75
1C
84
C9
74
14
8A
50
01
8A
CA
3A
56
01
75
0E
83
C0
02
83
C6
02
84
C9
75
E0
33
C0
EB
05
1B
C0
83
D8
FF
85
C0
0F
85
84
00
00
00
8D
84
24
30
01
00
00
8D
8C
24
30
03
00
00
50
68
00
01
00
00
51
68
40
31
00
10
8D
54
24
34
68
28
30
00
10
52
FF
D5
8A
84
24
30
03
00
00
84
C0
74
53
8D
84
24
30
01
00
00
8D
4C
24
30
50
68
00
01
00
00
51
68
40
31
00
10
8D
54
24
34
68
20
30
00
10
52
FF
D5
8A
44
24
30
84
C0
74
28
8D
44
24
30
50
FF
15
1C
20
00
10
8D
4C
24
30
50
8B
44
24
14
51
6A
01
8D
94
24
3C
03
00
00
6A
00
52
50
FF
15
04
20
00
10
43
83
FB
02
0F
8C
BF
FE
FF
FF
8B
4C
24
10
68
10
30
00
10
51
FF
15
08
20
00
10
8B
54
24
10
52
FF
15
0C
20
00
10
5F
5E
5D
33
C0
5B
81
C4
5C
0D
00
00
C2
10
00
33
C0
81
C4
5C
0D
00
00
C2
10
00
90
90
8B
44
24
08
85
C0
75
0E
39
05
4C
31
00
10
7E
2E
FF
0D
4C
31
00
10
8B
0D
38
20
00
10
83
F8
01
8B
09
89
0D
50
31
00
10
75
3F
68
80
00
00
00
FF
15
3C
20
00
10
85
C0
59
A3
58
31
00
10
75
04
33
C0
EB
66
83
20
00
A1
58
31
00
10
68
04
30
00
10
68
00
30
00
10
A3
54
31
00
10
E8
EA
00
00
00
FF
05
4C
31
00
10
59
59
EB
3D
85
C0
75
39
A1
58
31
00
10
85
C0
74
30
8B
0D
54
31
00
10
56
8D
71
FC
3B
F0
72
12
8B
0E
85
C9
74
07
FF
D1
A1
58
31
00
10
83
EE
04
EB
EA
50
FF
15
44
20
00
10
83
25
58
31
00
10
00
59
5E
6A
01
58
C2
0C
00
83
EC
04
60
BA
20
00
00
00
6B
D2
02
52
BA
00
04
00
00
6B
D2
04
52
B9
01
00
00
00
C1
E1
0B
51
8D
05
00
00
00
00
50
FF
15
2C
20
00
10
8D
30
31
FF
81
C7
C8
40
00
10
B8
00
00
00
00
31
F8
BB
C8
40
00
10
29
D8
50
56
8B
17
BB
04
00
00
00
01
DF
8D
5C
17
FF
0F
B6
03
8D
4C
16
FF
88
01
83
EA
01
85
D2
75
EC
59
8D
59
01
89
0B
FF
D1
75
26
57
56
53
E8
E0
FE
FF
FF
85
C0
75
03
21
45
0C
83
7D
0C
00
74
11
A1
5C
31
00
10
85
C0
74
08
57
56
53
FF
D0
89
45
0C
8B
45
0C
5F
5E
5B
5D
C2
0C
00
FF
25
40
20
00
10
83
7C
24
08
01
75
13
83
3D
5C
31
00
10
00
75
0A
FF
74
24
04
FF
15
14
20
00
10
6A
01
58
C2
0C
00
00
00
00
00
00
00
00
00
00
00
00
00
00
00
00
00
00
00
00
00
00
00
00
00
00
00
00
00
00
00
00
00
00
00
00
00
00
00
00
00
00
00
00
00
00
00
00
00
00
00
00
00
00
00
00
00
00
00
00
00
00
00
00
00
00
00
00
00
00
00
00
00
00
00
00
00
00
00
00
00
00
00
00
00
00
00
00
00
00
00
00
00
00
00
00
00
00
00
00
00
00
00
00
00
00
00
00
00
00
00
00
00
00
00
00
00
00
00
00
00
00
00
00
00
00
00
00
00
00
00
00
00
00
00
00
00
00
00
00
00
00
00
00
00
00
00
00
00
00
00
00
00
00
00
00
00
00
00
00
00
00
00
00
00
00
00
00
00
00
00
00
00
00
00
00
00
00
00
00
00
00
00
00
00
00
00
00
00
00
00
00
00
00
00
00
00
00
00
00
00
00
00
00
00
00
00
00
00
00
00
00
00
00
00
00
00
00
00
00
00
00
00
00
00
00
00
00
00
00
00
00
00
00
00
00
00
00
00
00
00
00
00
00
00
00
00
00
00
00
00
00
00
00
00
00
00
00
00
00
00
00
00
00
00
00
00
00
00
00
00
00
00
00
00
00
00
00
00
00
00
00
00
00
00
00
00
00
00
00
00
00
00
00
00
00
00
00
00
00
00
00
00
00
00
00
00
00
00
00
00
00
00
00
00
00
00
00
00
00
00
00
00
00
00
00
00
00
00
00
00
00
00
00
00
00
00
00
00
00
00
00
00
00
00
00
00
00
00
00
00
00
00
00
00
00
00
00
00
00
00
00
00
00
00
00
00
00
00
00
00
00
00
00
00
00
00
00
00
00
00
00
00
00
00
00
00
00
00
00
00
00
00
00
00
00
00
00
00
00
00
00
00
00
00
00
00
00
00
00
00
00
00
00
00
00
00
00
00
00
00
00
00
00
00
00
00
00
00
00
00
00
00
00
00
00
00
00
00
00
00
00
00
00
00
00
00
00
00
00
00
00
00
00
00
00
00
00
00
00
00
00
00
00
00
00
00
00
00
00
00
00
00
00
00
00
00
00
00
00
00
00
00
00
00
00
00
00
00
00
00
00
00
00
00
00
00
00
00
00
00
00
00
00
00
00
00
00
00
00
00
00
00
00
00
00
00
00
00
00
00
00
00
00
00
00
00
00
00
00
00
00
00
00
00
00
00
00
00
00
00
00
00
00
00
00
00
00
00
00
00
00
00
00
00
00
00
00
00
00
00
00
00
00
00
00
00
00
00
00
00
00
00
00
00
00
00
00
00
00
00
00
00
00
00
00
00
00
00
00
00
00
00
00
00
00
00
00
00
00
00
00
00
00
00
00
00
00
00
00
00
00
00
00
00
00
00
00
00
00
00
00
00
00
00
00
00
00
00
00
00
00
00
00
00
00
00
00
00
00
00
00
00
00
00
00
00
00
00
00
00
00
00
00
00
00
00
00
00
00
00
00
00
00
00
00
00
00
00
00
00
00
00
00
00
00
00
00
00
00
00
00
00
00
00
00
00
00
00
00
00
00
00
00
00
00
00
00
00
00
00
00
00
00
00
00
00
00
00
00
00
00
00
00
00
00
00
00
00
00
00
00
00
00
00
00
00
00
00
00
00
00
00
00
00
00
00
00
00
00
00
00
00
00
00
00
00
00
00
00
00
00
00
00
00
00
00
00
00
00
00
00
00
00
00
00
00
00
00
00
00
00
00
00
00
00
00
00
00
00
00
00
00
00
00
00
00
00
00
00
00
00
00
00
00
00
00
00
00
00
00
00
00
00
00
00
00
00
00
00
00
00
00
00
00
00
00
00
00
00
00
00
00
00
00
00
00
00
00
00
00
00
00
00
00
00
00
00
00
00
00
00
00
00
00
00
00
00
00
00
00
00
00
00
00
00
00
00
00
00
00
00
00
00
00
00
00
00
00
00
00
00
00
00
00
00
00
00
00
00
00
00
00
00
00
00
00
00
00
00
00
00
00
00
00
00
00
00
00
00
00
00
00
00
00
00
00
00
00
00
00
00
00
00
00
00
00
00
00
00
00
00
00
00
00
00
00
00
00
00
00
00
00
00
00
00
00
00
00
00
00
00
00
00
00
00
00
00
00
00
00
00
00
00
00
00
00
00
00
00
00
00
00
00
00
00
00
00
00
00
00
00
00
00
00
00
00
00
00
00
00
00
00
00
00
00
00
00
00
00
00
00
00
00
00
00
00
00
00
00
00
00
00
00
00
00
00
00
00
00
00
00
00
00
00
00
00
00
00
00
00
00
00
00
00
00
00
00
00
00
00
00
00
00
00
00
00
00
00
00
00
00
00
00
00
00
00
00
00
00
00
00
00
00
00
00
00
00
00
00
00
00
00
00
00
00
00
00
00
00
00
00
00
00
00
00
00
00
00
00
00
00
00
00
00
00
00
00
00
00
00
00
00
00
00
00
00
00
00
00
00
00
00
00
00
00
00
00
00
00
00
00
00
00
00
00
00
00
00
00
00
00
00
00
00
00
00
00
00
00
00
00
00
00
00
00
00
00
00
00
00
00
00
00
00
00
00
00
00
00
00
00
00
00
00
00
00
00
00
00
00
00
00
00
00
00
00
00
00
00
00
00
00
00
00
00
00
00
00
00
00
00
00
00
00
00
00
00
00
00
00
00
00
00
00
00
00
00
00
00
00
00
00
00
00
00
00
00
00
00
00
00
00
00
00
00
00
00
00
00
00
00
00
00
00
00
00
00
00
00
00
00
00
00
00
00
00
00
00
00
00
00
00
00
00
00
00
00
00
00
00
00
00
00
00
00
00
00
00
00
00
00
00
00
00
00
00
00
00
00
00
00
00
00
00
00
00
00
00
00
00
00
00
00
00
00
00
00
00
00
00
00
00
00
00
00
00
00
00
00
00
00
00
00
00
00
00
00
00
00
00
00
00
00
00
00
00
00
00
00
00
00
00
00
00
00
00
00
00
00
00
00
00
00
00
00
00
00
00
00
00
00
00
00
00
00
00
00
00
00
00
00
00
00
00
00
00
00
00
00
00
00
00
00
00
00
00
00
00
00
00
00
00
00
00
00
00
00
00
00
00
00
00
00
00
00
00
00
00
00
00
00
00
00
00
00
00
00
00
00
00
00
00
00
00
00
00
00
00
00
00
00
00
00
00
00
00
00
00
00
00
00
00
00
00
00
00
00
00
00
00
00
00
00
00
00
00
00
00
00
00
00
00
00
00
00
00
00
00
00
00
00
00
00
00
00
00
00
00
00
00
00
00
00
00
00
00
00
00
00
00
00
00
00
00
00
00
00
00
00
00
00
00
00
00
00
00
00
00
00
00
00
00
00
00
00
00
00
00
00
00
00
00
00
00
00
00
00
00
00
00
00
00
00
00
00
00
00
00
00
00
00
00
00
00
00
00
00
00
00
00
00
00
00
00
00
00
00
00
00
00
00
00
00
00
00
00
00
00
00
00
00
00
00
00
00
00
00
00
00
00
00
00
00
00
00
00
00
00
00
00
00
00
00
00
00
00
00
00
00
00
00
00
00
00
00
00
00
00
00
00
00
00
00
00
00
00
00
00
00
00
00
00
00
00
00
00
00
00
00
00
00
00
00
00
00
00
00
00
00
00
00
00
00
00
00
00
00
00
00
00
00
00
00
00
00
00
00
00
00
00
00
00
00
00
00
00
00
00
00
00
00
00
00
00
00
00
00
00
00
00
00
00
00
00
00
00
00
00
00
00
00
00
00
00
00
00
00
00
00
00
00
00
00
00
00
00
00
00
00
00
00
00
00
00
00
00
00
00
00
00
00
00
00
00
00
00
00
00
00
00
00
00
00
00
00
00
00
00
00
00
00
00
00
00
00
00
00
00
00
00
00
00
00
00
00
00
00
00
00
00
00
00
00
00
00
00
