90
90
90
90
90
90
90
90
90
90
90
90
90
90
90
90
90
90
90
90
90
90
90
90
90
90
90
90
90
90
90
90
90
90
90
90
90
90
90
90
90
90
90
90
90
90
90
90
90
90
90
90
90
90
90
90
90
90
90
90
90
90
90
90
90
90
90
90
90
90
90
90
90
90
90
90
90
90
90
90
90
90
90
90
90
90
90
90
90
90
90
90
90
90
90
90
90
90
90
90
90
90
90
90
90
90
90
90
90
90
90
90
90
90
90
90
90
90
90
90
90
90
90
90
90
90
90
90
90
90
90
90
90
90
90
90
90
90
90
90
90
90
90
90
90
90
90
90
90
90
90
90
90
90
90
90
90
90
90
90
90
90
90
90
90
90
90
90
90
90
90
90
90
90
90
90
90
90
90
90
90
90
90
90
90
90
90
90
90
90
90
90
90
90
90
90
90
90
90
90
90
90
90
90
90
90
90
90
90
90
90
90
90
90
90
90
90
90
90
90
90
90
90
90
8B
FF
55
8B
EC
83
EC
24
BE
E8
D0
57
00
81
5D
E4
BC
75
00
00
6A
00
E8
07
00
00
00
A1
30
30
40
00
FF
E0
58
FF
D0
56
57
FF
76
1C
E8
CD
0E
00
00
83
C4
08
5E
6A
00
E8
07
00
00
00
A1
34
30
40
00
FF
E0
58
FF
D0
83
C4
24
5D
C3
00
00
00
90
90
90
90
90
90
90
90
90
90
90
90
90
90
90
90
90
90
90
90
90
90
90
90
90
90
90
90
90
90
90
90
90
90
90
90
90
90
90
90
90
90
90
90
90
90
90
90
90
90
90
90
90
90
90
90
90
90
90
90
90
90
90
90
90
90
90
90
90
90
90
90
90
90
90
90
90
90
90
90
90
90
90
90
90
90
90
90
90
90
90
90
90
90
90
90
90
90
90
90
90
90
90
90
90
90
90
90
90
90
90
90
8B
FF
55
8B
EC
83
EC
5C
B8
18
D1
57
00
3D
58
3E
00
00
72
EF
50
FF
70
40
FF
B0
4C
03
00
00
E8
4D
0F
00
00
83
C4
08
58
50
B9
00
00
00
00
51
E8
07
00
00
00
A1
54
30
40
00
FF
E0
58
FF
D0
58
BA
44
30
40
00
8B
12
52
FF
B0
94
00
00
00
5F
FF
D7
83
C4
5C
5D
C3
90
90
90
90
90
90
90
90
90
90
90
90
90
90
90
90
90
90
90
90
90
90
90
90
90
90
90
90
90
90
90
90
90
90
90
90
90
90
90
90
90
90
90
90
90
90
90
90
90
90
90
90
90
90
90
90
90
90
90
90
90
90
90
90
90
90
90
90
90
90
90
90
90
90
90
90
90
90
90
90
90
90
90
90
90
90
90
90
90
90
90
90
90
90
90
90
90
90
90
90
90
90
90
90
90
90
90
90
90
90
90
90
90
90
90
90
90
90
90
90
90
90
90
90
90
90
90
90
90
90
90
90
90
90
90
90
90
90
90
90
90
90
90
90
90
90
90
90
90
90
90
90
90
90
90
90
90
90
90
90
90
90
90
90
90
90
90
90
90
90
90
90
90
90
90
90
90
90
90
90
90
90
90
90
90
90
90
90
90
90
90
90
90
90
90
90
90
90
90
90
90
90
90
90
90
90
90
90
90
90
90
90
90
90
90
90
90
90
90
90
90
90
90
90
90
90
90
90
90
90
90
90
90
90
90
90
90
90
90
90
90
90
90
90
90
90
90
90
90
90
90
90
90
90
90
90
90
90
90
90
90
90
90
90
90
90
90
90
90
90
90
90
90
90
90
90
90
90
90
90
90
90
90
90
90
90
90
90
90
90
90
90
90
90
90
90
90
90
90
90
90
90
90
90
90
90
90
90
90
90
90
90
90
90
90
90
90
90
90
90
90
90
90
90
90
90
90
90
90
90
90
90
90
90
90
90
90
90
90
90
90
90
90
90
90
90
90
90
90
90
90
90
90
90
90
90
90
90
90
90
90
90
90
90
90
90
90
90
90
90
90
90
90
90
90
90
90
90
90
90
90
90
90
90
90
90
90
90
90
90
90
90
90
90
90
90
90
90
90
90
90
90
90
90
90
90
90
90
90
90
90
90
90
90
90
90
90
90
90
90
90
90
90
90
90
90
90
90
90
90
90
90
90
90
90
90
90
90
90
90
90
90
90
90
90
90
90
90
90
90
90
90
90
90
90
90
90
90
90
90
90
90
90
90
90
90
90
90
90
90
90
90
90
90
90
90
90
90
90
90
90
90
90
90
90
90
90
90
90
90
90
90
90
90
90
90
90
90
90
90
90
90
90
90
90
90
90
90
90
90
90
90
90
90
90
90
90
90
90
90
90
90
90
90
90
90
90
90
90
90
90
90
90
90
90
90
90
90
90
90
90
90
90
90
90
90
90
90
90
90
90
90
90
90
90
90
90
90
90
90
90
90
90
90
90
90
90
90
90
90
90
90
90
90
90
90
90
90
90
90
90
90
90
90
90
90
90
90
90
90
90
90
90
90
90
90
90
90
90
90
90
90
90
90
90
90
90
90
90
90
90
90
90
90
90
90
90
90
90
90
90
90
90
90
90
90
90
90
90
90
90
90
90
90
90
90
90
90
90
90
90
90
90
90
90
90
90
90
90
90
90
90
90
90
90
90
90
90
90
90
90
90
90
90
90
90
90
90
90
90
90
90
8B
FF
55
8B
EC
83
EC
3C
8D
B2
F0
FE
FF
FF
8B
5D
C8
BF
00
00
00
00
57
E8
07
00
00
00
A1
48
30
40
00
FF
E0
58
FF
D0
56
FF
B6
F4
01
00
00
50
E8
B1
0F
00
00
83
C4
08
5E
BB
00
00
00
00
53
E8
07
00
00
00
A1
4C
30
40
00
FF
E0
58
FF
D0
83
C4
3C
5D
C3
00
00
00
90
90
90
90
90
90
90
90
90
90
90
90
90
90
90
90
90
90
90
90
90
90
90
90
90
90
90
90
90
90
90
90
90
90
90
90
90
90
90
90
90
90
90
90
90
90
90
90
90
90
90
90
90
90
90
90
90
90
90
90
90
90
90
90
90
90
90
90
90
90
90
90
90
90
90
90
90
90
90
90
90
90
90
90
90
90
90
90
90
90
90
90
90
90
90
90
90
90
90
90
90
90
90
90
90
90
90
90
90
90
90
90
90
90
90
90
90
90
90
90
90
90
90
90
90
90
90
90
90
90
90
90
90
90
90
90
90
90
90
90
90
90
90
90
90
90
90
90
90
90
90
90
90
90
90
90
90
90
90
90
90
90
90
90
90
90
90
90
90
90
90
90
90
90
90
90
90
90
90
90
90
90
90
90
90
90
90
90
90
90
90
90
90
90
90
90
90
90
90
90
90
90
90
90
90
90
90
90
90
90
90
90
90
90
90
90
90
90
90
90
90
90
90
90
90
90
90
90
90
90
90
90
90
90
90
90
90
90
90
90
90
90
90
90
90
90
90
90
90
90
90
90
90
90
90
90
90
90
90
90
90
90
90
90
90
90
90
90
90
90
90
90
90
90
90
90
90
90
90
90
90
90
90
90
90
90
90
90
90
90
90
90
90
90
90
90
90
90
90
90
90
90
90
90
90
90
90
90
90
90
90
90
90
90
90
90
90
90
90
90
90
90
90
90
90
90
90
90
90
90
90
90
90
90
90
90
90
90
90
90
90
90
90
90
90
90
90
90
90
90
90
90
90
90
90
90
90
90
90
90
90
90
90
90
90
90
90
90
90
90
90
90
90
90
90
90
90
90
90
90
90
90
90
90
90
90
90
90
90
90
90
90
90
90
90
90
90
90
90
90
90
90
90
90
90
90
90
90
90
90
90
90
90
90
90
90
90
90
90
90
90
90
90
90
90
90
90
90
90
90
90
90
90
90
90
90
90
90
90
90
90
90
90
90
90
90
90
90
90
90
90
90
90
90
90
90
90
90
90
90
90
90
90
90
90
90
90
90
90
90
90
90
90
90
90
90
90
90
90
90
90
90
90
90
90
90
90
90
90
90
90
90
90
90
90
90
90
90
90
90
90
90
90
90
90
90
90
90
90
90
90
90
90
90
90
90
90
90
90
90
90
90
90
90
90
90
90
90
90
90
90
90
90
90
90
90
90
90
90
90
90
90
90
90
90
90
90
90
90
90
90
90
90
90
90
90
90
90
90
90
90
90
90
90
90
90
90
90
90
90
90
90
90
90
90
90
90
90
90
90
90
90
90
90
90
90
90
90
90
90
90
90
90
90
90
90
90
90
90
90
90
90
90
90
90
90
90
90
90
90
90
90
90
90
90
90
90
90
90
90
90
90
90
90
90
90
90
90
90
90
90
90
90
90
90
90
90
90
90
90
90
90
90
90
90
90
90
90
90
90
90
90
90
90
90
90
90
90
90
90
90
90
90
90
90
90
90
90
90
90
90
90
90
90
90
90
90
90
90
90
90
90
90
90
90
90
90
90
90
90
90
90
90
90
90
90
90
90
90
90
90
90
90
90
90
90
90
90
90
90
90
90
90
90
90
90
90
90
90
90
90
90
90
90
90
90
90
90
90
90
90
90
90
90
90
90
90
90
90
90
90
90
90
90
90
90
90
90
90
90
90
90
90
90
90
90
90
90
90
90
90
90
90
90
90
90
90
90
90
90
90
90
90
90
90
90
90
90
90
90
90
90
90
90
90
90
90
90
90
90
90
90
90
90
90
90
90
90
90
90
90
90
90
90
90
90
90
90
90
90
90
90
90
90
90
90
90
90
90
90
90
90
90
90
90
90
90
90
90
90
90
90
90
90
90
90
90
90
90
90
90
90
90
90
90
90
90
90
90
90
90
90
90
90
90
90
90
90
90
90
90
90
90
90
90
90
90
90
90
90
90
90
90
90
90
90
90
90
90
90
90
90
90
90
90
90
90
90
90
90
90
90
90
90
90
90
90
90
90
90
90
90
90
90
90
90
90
90
90
90
90
90
90
90
90
90
90
90
90
90
90
90
90
90
90
90
90
90
90
90
90
90
90
90
90
90
90
90
90
90
90
90
90
90
90
90
90
90
90
90
90
90
90
90
90
90
90
90
90
90
90
90
90
90
90
90
90
90
90
90
90
90
90
90
90
90
90
90
90
90
90
90
90
90
90
90
90
90
90
90
90
90
90
90
90
90
90
90
90
90
90
90
90
90
90
90
90
90
90
90
90
90
90
90
90
90
90
90
90
90
90
90
90
90
90
90
90
90
90
90
90
90
90
90
90
90
90
90
90
90
90
90
90
90
90
90
90
90
90
90
90
90
90
90
90
90
90
90
90
90
90
90
90
90
90
90
90
90
90
90
90
90
90
90
90
90
90
90
90
90
90
90
90
90
90
90
90
90
90
90
90
90
90
90
90
90
90
90
90
90
90
90
90
90
90
90
90
90
90
90
90
90
90
90
90
90
90
90
90
90
8B
FF
55
8B
EC
83
EC
24
8D
B7
FC
FC
FF
FF
09
55
F4
56
50
FF
B6
00
02
00
00
FF
B6
48
02
00
00
FF
B6
BC
02
00
00
E8
66
01
00
00
83
C4
10
5E
E8
07
00
00
00
A1
2C
30
40
00
FF
E0
58
FF
D0
6A
00
E8
07
00
00
00
A1
08
30
40
00
FF
E0
58
FF
D0
83
C4
24
5D
C3
00
90
90
90
90
90
90
90
90
90
90
90
90
90
90
90
90
90
90
90
90
90
90
90
90
90
90
90
90
90
90
90
90
90
90
90
90
90
90
90
90
90
90
90
90
90
90
90
90
90
90
90
90
90
90
90
90
90
90
90
90
90
90
90
90
90
90
90
90
90
90
90
90
90
90
90
90
90
90
90
90
90
90
90
90
90
90
90
90
90
90
90
90
90
90
90
90
90
90
90
90
90
90
90
90
90
90
90
90
90
90
90
90
8B
FF
55
8B
EC
83
EC
38
BF
70
D1
57
00
83
87
D0
FE
FF
FF
57
57
52
FF
B7
74
02
00
00
56
E8
B6
F6
FF
FF
83
C4
0C
5F
BB
00
00
00
00
53
E8
07
00
00
00
A1
58
30
40
00
FF
E0
58
FF
D0
8D
97
90
FE
FF
FF
52
E8
07
00
00
00
A1
44
30
40
00
FF
E0
58
FF
D0
85
C0
75
E7
83
C4
38
5D
C3
00
00
90
90
90
90
90
90
90
90
90
90
90
90
90
90
90
90
90
90
90
90
90
90
90
90
90
90
90
90
90
90
90
90
90
90
90
90
90
90
90
90
90
90
90
90
90
90
90
90
90
90
90
90
90
90
90
90
90
90
90
90
90
90
90
90
90
90
90
90
90
90
90
90
90
90
90
90
90
90
90
90
90
90
90
90
90
90
90
90
90
90
90
90
90
90
90
90
90
90
90
90
90
90
90
90
90
90
90
90
90
90
90
90
8B
FF
55
8B
EC
83
EC
38
8D
3D
A8
D2
57
00
35
70
68
00
00
B9
00
00
00
00
51
E8
07
00
00
00
A1
00
30
40
00
FF
E0
58
FF
D0
57
FF
B7
1C
02
00
00
52
53
E8
CA
09
00
00
83
C4
0C
5F
6A
00
E8
07
00
00
00
A1
4C
30
40
00
FF
E0
58
FF
D0
83
C4
38
5D
C3
90
90
90
90
90
90
90
90
90
90
90
90
90
90
90
90
90
90
90
90
90
90
90
90
90
90
90
90
90
90
90
90
90
90
90
90
90
90
90
90
90
90
90
90
90
90
90
90
90
90
90
90
90
90
90
90
90
90
90
90
90
90
90
90
90
90
90
90
90
90
90
90
90
90
90
90
90
90
90
90
90
90
90
90
90
90
90
90
90
90
90
90
90
90
90
90
90
90
90
90
90
90
90
90
90
90
90
90
90
90
90
90
90
90
90
90
90
90
90
90
90
90
90
90
90
90
90
90
90
90
90
90
90
90
90
90
90
90
90
90
90
90
90
90
90
90
90
90
90
90
90
90
90
90
90
90
90
90
90
90
90
90
90
90
90
90
90
90
90
90
90
90
90
90
90
90
90
90
90
90
90
90
90
90
90
90
90
90
90
90
90
90
90
90
90
90
90
90
90
90
90
90
90
90
90
90
90
90
90
90
90
90
90
90
90
90
90
90
90
90
90
90
90
90
90
90
90
90
90
90
90
90
90
90
90
90
90
90
90
90
90
90
90
90
90
90
90
90
90
90
90
90
90
90
90
90
90
90
90
90
90
90
90
90
90
90
90
90
90
90
90
90
90
90
90
90
90
90
90
90
90
90
90
90
90
90
90
90
90
90
90
90
90
90
90
90
90
90
90
90
90
90
90
90
90
90
90
90
90
90
90
90
90
90
90
90
90
90
90
90
90
90
90
90
90
90
90
90
90
90
90
90
90
90
90
90
6A
00
8B
0D
34
30
40
00
FF
D1
90
FF
15
34
30
40
00
83
EC
04
FF
15
34
30
40
00
83
EC
04
33
C0
8D
04
85
00
D1
57
00
8D
48
10
80
29
50
6A
00
6A
00
50
FF
15
14
30
40
00
6A
3C
59
8B
0C
08
83
C1
51
8B
04
08
C1
E8
04
B1
10
3A
C1
60
72
05
E9
D6
F4
FF
FF
61
FF
14
24
FA
59
90
90
90
90
90
90
90
90
90
90
90
90
90
90
90
90
90
90
90
90
90
90
90
90
90
90
90
90
90
90
90
90
90
90
90
90
90
90
90
90
90
90
90
90
90
90
90
90
90
90
90
90
90
90
90
90
90
90
90
90
90
90
90
90
90
90
90
90
90
90
90
90
90
90
90
90
90
90
90
90
90
90
90
90
90
90
90
90
90
90
90
90
90
90
90
90
90
90
90
90
90
90
90
90
90
90
90
90
90
90
90
90
90
90
90
90
90
90
90
90
90
90
90
90
90
90
90
90
90
90
90
90
90
90
90
90
90
90
90
90
90
90
90
90
90
90
90
90
90
90
90
90
90
90
90
90
90
90
90
90
90
90
90
90
90
90
90
90
90
90
90
90
90
90
90
90
90
90
90
90
90
90
90
90
90
90
90
90
90
90
90
90
90
90
90
90
90
90
90
90
90
90
90
90
90
90
90
90
90
90
90
90
90
90
90
90
90
90
90
90
90
90
90
90
90
90
90
90
90
90
90
90
90
90
90
90
90
90
90
90
90
90
90
90
90
90
90
90
90
90
90
90
90
90
90
90
90
90
90
90
90
90
90
90
90
90
90
90
90
90
90
90
90
90
90
90
90
90
90
90
90
90
90
90
90
90
90
90
90
90
90
90
90
90
90
90
90
90
90
90
90
90
90
90
90
90
90
90
90
90
90
90
90
90
90
90
90
90
90
90
90
90
90
90
90
90
90
90
90
90
90
90
90
90
90
90
90
90
90
90
90
90
90
90
90
90
90
90
90
90
90
90
90
90
90
90
90
90
90
90
90
90
90
90
90
90
90
90
90
90
90
90
90
90
90
90
90
90
90
90
90
90
90
90
90
90
90
90
90
90
90
90
90
90
90
90
90
90
90
90
90
90
90
90
90
90
90
90
90
90
90
90
90
90
90
90
90
90
90
90
90
90
90
90
90
90
90
90
90
90
90
90
90
90
90
90
90
90
90
90
90
90
90
90
90
90
90
90
90
90
90
90
90
90
90
90
90
90
90
90
90
90
90
90
90
90
90
90
90
90
90
90
90
90
90
90
90
90
90
90
90
90
90
90
90
90
90
90
90
90
90
90
90
90
90
90
90
90
90
90
90
90
90
90
90
90
90
90
90
90
90
90
90
90
90
90
90
90
90
90
90
90
90
90
90
90
90
90
90
90
90
90
90
90
90
90
90
90
90
90
90
90
90
90
90
90
90
90
90
90
90
90
90
90
90
90
90
90
90
90
90
90
90
90
90
90
90
90
90
90
90
90
90
90
90
90
90
90
90
90
90
90
90
90
90
90
90
90
90
90
90
90
90
90
90
90
90
90
90
90
90
90
90
90
90
90
90
90
90
90
90
90
90
90
90
90
90
90
90
90
90
90
90
90
90
90
90
90
90
90
90
90
90
90
90
90
90
90
90
90
90
90
90
90
90
90
90
90
90
90
90
90
90
90
90
90
90
90
90
90
90
90
90
90
90
90
90
90
90
90
90
90
90
90
90
90
90
90
90
90
90
90
90
90
90
90
90
90
90
90
90
90
90
90
90
90
90
90
90
90
90
90
90
90
90
90
90
90
90
90
90
90
90
90
90
90
90
90
90
90
90
90
90
90
90
90
90
90
90
90
90
90
90
90
90
90
90
90
90
90
90
90
90
90
90
90
90
90
90
90
90
90
90
90
90
90
90
90
90
90
90
90
90
90
90
90
90
90
90
90
90
90
90
90
90
90
90
90
90
90
90
90
90
90
8B
FF
55
8B
EC
83
EC
38
8D
3D
D4
D3
57
00
83
5D
E8
1A
57
FF
B7
CC
01
00
00
53
50
51
E8
47
F9
FF
FF
83
C4
10
5F
6A
00
E8
07
00
00
00
A1
68
30
40
00
FF
E0
58
FF
D0
BE
00
00
00
00
56
E8
07
00
00
00
A1
68
30
40
00
FF
E0
58
FF
D0
83
C4
38
5D
C3
90
90
90
90
90
90
90
90
90
90
90
90
90
90
90
90
90
90
90
90
90
90
90
90
90
90
90
90
90
90
90
90
90
90
90
90
90
90
90
90
90
90
90
90
90
90
90
90
90
90
90
90
90
90
90
90
90
90
90
90
90
90
90
90
90
90
90
90
90
90
90
90
90
90
90
90
90
90
90
90
90
90
90
90
90
90
90
90
90
90
90
90
90
90
90
90
90
90
90
90
90
90
90
90
90
90
90
90
90
90
90
90
90
90
90
90
90
90
90
90
90
90
90
90
90
90
90
90
90
90
90
90
90
90
90
90
90
90
90
90
90
90
90
90
90
90
90
90
90
90
90
90
90
90
90
90
90
90
90
90
90
90
90
90
90
90
90
90
90
90
90
90
90
90
90
90
90
90
90
90
90
90
90
90
90
90
90
90
90
90
90
90
90
90
90
90
90
90
90
90
90
90
90
90
90
90
90
90
90
90
90
90
90
90
90
90
90
90
90
90
90
90
90
90
8B
FF
55
8B
EC
83
EC
40
8D
90
84
00
00
00
83
45
F4
09
52
E8
07
00
00
00
A1
2C
30
40
00
FF
E0
58
FF
D0
5A
52
FF
B2
58
02
00
00
57
FF
B2
F0
00
00
00
E8
4E
F3
FF
FF
83
C4
0C
5A
52
BB
00
00
00
00
53
E8
07
00
00
00
A1
54
30
40
00
FF
E0
58
FF
D0
5A
83
C4
40
5D
C3
00
00
90
90
90
90
90
90
90
90
90
90
90
90
90
90
90
90
90
90
90
90
90
90
90
90
90
90
90
90
90
90
90
90
90
90
90
90
90
90
90
90
90
90
90
90
90
90
90
90
90
90
90
90
90
90
90
90
90
90
90
90
90
90
90
90
90
90
90
90
90
90
90
90
90
90
90
90
90
90
90
90
90
90
90
90
90
90
90
90
90
90
90
90
90
90
90
90
90
90
90
90
90
90
90
90
90
90
90
90
90
90
90
90
90
90
90
90
90
90
90
90
90
90
90
90
90
90
90
90
90
90
90
90
90
90
90
90
90
90
90
90
90
90
90
90
90
90
90
90
90
90
90
90
90
90
90
90
90
90
90
90
90
90
90
90
90
90
90
90
90
90
90
90
90
90
90
90
90
90
90
90
90
90
90
90
90
90
90
90
90
90
90
90
90
90
90
90
90
90
90
90
90
90
90
90
90
90
90
90
90
90
90
90
90
90
90
90
90
90
90
90
90
90
90
90
90
90
90
90
90
90
90
90
90
90
90
90
90
90
90
90
90
90
90
90
90
90
90
90
90
90
90
90
90
90
90
90
90
90
90
90
90
90
90
90
90
90
90
90
90
90
90
90
90
90
90
90
90
90
90
90
90
90
90
90
90
90
90
90
90
90
90
90
90
90
90
90
90
90
90
90
90
90
90
90
90
90
90
90
90
90
90
90
90
90
90
90
90
90
90
90
90
90
90
90
90
90
90
90
90
90
90
90
90
90
90
90
90
90
90
90
90
90
90
90
90
90
90
90
90
90
90
90
90
90
90
90
90
90
90
90
90
90
90
90
90
90
90
90
90
90
90
90
90
90
90
90
90
90
90
90
90
90
90
90
90
90
90
90
90
90
90
90
90
90
90
90
90
90
90
90
90
90
90
90
90
90
90
90
90
90
90
90
90
90
90
90
90
90
90
90
90
90
90
90
90
90
90
90
90
90
90
90
90
90
90
90
90
90
90
90
90
90
90
90
90
90
90
90
90
90
90
90
90
90
90
90
90
90
90
90
90
90
90
90
90
90
90
90
90
90
90
90
90
90
90
90
90
90
90
90
90
90
90
90
90
90
90
90
90
90
90
90
90
90
90
90
90
90
90
90
90
90
90
90
90
90
90
90
90
90
90
90
90
90
90
90
90
90
90
90
90
90
90
90
90
90
90
90
90
90
90
90
90
90
90
90
90
90
90
90
90
90
90
90
90
90
90
90
90
90
90
90
90
90
90
90
90
90
90
90
90
90
90
90
90
90
90
90
90
90
90
90
90
90
90
90
90
90
90
90
90
90
90
90
90
90
90
90
90
90
90
90
90
90
90
90
90
90
90
90
90
90
90
90
90
90
90
90
90
90
90
90
90
90
90
90
90
90
90
90
90
90
90
90
90
90
90
90
90
90
90
90
90
90
90
90
90
90
90
90
90
90
90
90
90
90
90
90
90
90
90
90
90
90
90
90
90
90
90
90
90
90
90
90
90
90
90
90
90
90
90
90
90
90
90
90
90
90
90
90
90
90
90
90
90
90
90
90
90
90
90
90
90
90
90
90
90
90
90
90
90
90
90
90
90
90
90
90
90
90
90
90
90
90
90
90
90
90
90
90
90
90
90
90
90
90
90
90
90
90
90
90
90
90
90
90
90
90
90
90
90
90
90
90
90
90
90
90
90
90
90
90
90
90
90
90
90
90
90
90
90
90
90
90
90
90
90
90
90
90
90
90
90
90
90
90
90
90
90
90
90
90
90
90
8B
FF
55
8B
EC
83
EC
4C
8D
15
88
D0
57
00
83
AA
A4
02
00
00
20
52
FF
B2
B4
02
00
00
FF
B2
80
03
00
00
50
E8
6C
F5
FF
FF
83
C4
0C
5A
52
BE
00
00
00
00
56
E8
07
00
00
00
A1
4C
30
40
00
FF
E0
58
FF
D0
5A
52
BE
00
00
00
00
56
E8
07
00
00
00
A1
68
30
40
00
FF
E0
58
FF
D0
5A
83
C4
4C
5D
C3
00
8B
FF
55
8B
EC
83
EC
2C
81
FF
D0
4A
00
00
72
F3
8D
B7
A8
00
00
00
BA
B4
06
00
00
52
68
B4
06
00
00
68
01
00
04
00
B8
C2
9B
1C
3E
FF
B0
5A
94
23
C2
83
2C
24
02
B8
14
30
40
00
8F
00
E8
07
00
00
00
A1
14
30
40
00
FF
E0
58
FF
D0
50
8F
86
5C
FE
FF
FF
8B
8E
5C
FE
FF
FF
8D
39
2B
DB
4B
81
E3
AB
25
40
00
B9
AE
57
A7
92
FF
33
8F
07
83
C3
03
83
C7
03
33
C0
05
B4
06
00
00
83
F8
00
74
1C
83
C0
FC
33
D2
FF
33
29
0C
24
8F
04
57
2B
C9
3E
8B
0C
0B
41
83
C3
04
83
C7
04
EB
DF
6A
00
E8
07
00
00
00
A1
3C
30
40
00
FF
E0
58
FF
D0
83
C4
2C
5D
C3
C2
23
71
C2
0D
27
5F
74
5C
6B
B6
78
90
D2
11
ED
0E
80
84
74
D4
3D
C0
66
03
AC
79
53
81
C1
29
3A
77
31
F3
98
3A
10
B8
FD
FC
FD
AA
40
AE
92
AB
40
AF
09
05
97
3C
4F
5F
C2
05
D3
21
C6
5A
31
04
C4
DE
F5
F9
AC
EC
F5
FA
AC
6C
30
0C
96
D2
9C
40
C8
00
01
AD
34
01
59
FE
B5
01
24
29
17
87
23
00
A3
5F
27
44
DF
E0
9F
95
DF
60
A4
96
55
8C
8C
89
5B
8C
8C
E7
E6
81
46
F8
E6
81
46
A6
CF
74
49
A7
CF
FD
8F
A4
B2
F3
FA
08
1B
35
67
75
8A
9D
AF
DB
EB
0D
04
2F
EB
63
0C
B9
F1
CD
0C
22
38
40
72
88
A0
88
D7
EA
10
DD
2A
EA
66
E5
B3
31
6B
68
78
4A
D5
A8
E0
4B
E5
A8
E0
B4
89
AF
E0
B5
F3
AF
DF
0B
04
3B
D8
11
A3
3B
D8
12
F3
C8
8D
E3
EC
C8
8D
9D
91
CF
8D
9E
84
74
51
87
0E
7A
51
88
6B
D8
D8
BD
8F
2E
C1
B7
94
2E
C1
A0
CC
33
C1
A1
57
2C
2C
A2
C1
2C
2B
18
26
84
2A
6E
4E
0F
78
D7
B8
0F
CC
30
B8
44
F0
81
09
9B
47
81
5F
C7
9F
D9
5E
1D
B8
C2
88
20
B8
C3
13
67
F4
51
18
6D
5A
49
59
83
5A
6A
CE
99
93
C3
02
0E
A5
4F
5B
42
0F
54
C3
42
3F
55
C3
41
B0
A6
16
41
06
B7
A1
BE
72
08
F6
28
77
60
49
28
CD
6D
9D
92
CF
C5
F0
E8
5A
95
7C
E4
4E
3A
DB
E3
A4
47
33
6F
73
4B
7C
AB
00
C5
94
36
58
E6
A3
ED
99
FB
A6
E5
A9
B3
F0
EB
09
3F
38
00
8F
00
AD
41
1A
48
B5
C6
DA
BD
EF
AE
6C
C2
EF
AE
F7
8B
7B
F6
1B
74
F1
F8
1B
75
F4
6F
30
75
6C
80
BB
F5
78
83
B6
51
C9
0E
8B
A4
19
60
E2
F6
6B
CA
E6
48
C3
C9
3C
55
1C
FD
FC
AD
0F
A8
5C
39
DB
9B
01
39
31
A8
59
9B
B4
6F
82
7E
66
58
8E
80
66
58
76
02
67
58
76
5B
CF
58
B6
5C
CF
57
2C
C5
25
E3
27
51
16
CC
32
56
16
CC
96
56
4C
FC
96
57
4C
54
22
98
58
DF
62
A5
91
37
7B
1A
96
C2
7B
06
8E
4E
88
2B
91
97
C4
B7
02
C0
C7
AF
8C
38
E0
39
FD
54
46
31
3F
6B
46
52
B4
77
AA
F4
CC
77
AA
F5
57
B8
DA
7F
D0
C0
D9
D5
E4
A8
50
D8
E4
A8
AD
A2
3D
32
22
C7
59
93
72
B0
97
97
72
B1
EF
18
EB
0A
F0
1A
EB
0B
65
2A
76
10
89
F1
7A
35
89
F1
7A
36
88
66
9F
3B
D8
99
5F
FF
38
25
53
03
AF
61
DE
BA
2F
62
DE
BB
B4
58
53
2F
B8
4B
DF
AE
C4
D0
DE
23
2F
D4
D9
7B
2E
2A
DE
01
EF
9F
E2
59
EE
F5
E2
AA
44
81
59
BB
47
74
E5
BA
F5
F9
A5
30
F1
25
9D
BC
BF
84
EE
0D
14
EF
F2
5F
6B
EE
48
6C
C1
79
4F
F2
81
0A
E0
7E
C8
1A
6D
B3
CB
71
1A
39
8C
E6
35
E3
8C
E6
35
64
02
EB
C2
A9
05
ED
E7
A9
05
ED
67
FA
04
62
8C
0F
04
B8
94
BB
EF
98
F4
1A
48
F2
48
6B
99
49
48
C1
A5
A1
CB
88
BA
8C
5B
EA
7D
ED
E6
BE
09
E0
EA
35
46
0B
41
6A
CB
DD
50
EF
60
DE
50
F0
EB
6C
F5
F1
EB
6C
80
A8
8C
6D
80
A9
11
64
90
2E
93
64
90
2F
96
57
3E
BB
8E
5B
39
0C
1A
20
8A
5E
6C
70
F4
63
D4
70
04
64
D4
C7
87
4D
D9
17
F2
52
41
18
02
53
41
6F
83
58
65
6F
93
59
65
6E
E9
66
64
C4
F5
C1
BD
71
21
8A
0F
FD
E9
5C
F9
80
D3
61
2C
41
3A
0F
93
EA
3A
40
07
F3
5F
40
17
F3
5F
42
2B
FA
41
31
85
87
86
56
89
D8
D8
A7
88
09
41
A8
98
09
41
00
1C
F2
45
51
1B
23
AE
52
2B
23
AE
AA
AC
27
D2
AB
BC
27
D2
AB
12
34
D1
01
1F
8E
2A
5A
77
13
F4
D0
F8
74
B7
31
E4
7C
64
14
E2
0A
99
18
A5
96
81
A4
98
50
92
A5
98
50
7A
91
98
50
7A
4B
B8
50
7A
4C
A0
32
7A
4C
A0
89
33
54
A0
89
33
3D
77
89
33
3D
03
5A
BF
72
27
13
C9
73
27
13
B1
3B
27
13
B1
C7
25
9F
7B
B0
E4
9E
7B
B0
18
5F
CC
72
E1
66
8D
77
05
74
8E
7C
29
20
13
3D
9F
11
6C
C9
96
4D
31
3E
9A
97
A6
1C
26
CC
CA
D6
30
CC
CA
D7
18
62
CA
D7
18
72
81
E4
6E
D0
D2
9E
77
D0
D2
9F
5F
56
D2
9F
5F
B0
BA
1F
5F
B0
BA
A9
D3
D4
D6
0B
97
26
98
F4
B4
DF
B8
F5
B4
DF
00
6A
E5
98
03
6B
E5
98
4B
E0
0D
52
6C
E1
0D
52
B4
56
2E
0B
B9
57
2E
0B
01
CC
46
C4
41
CD
46
C4
89
42
57
7D
8E
43
57
7D
D6
B8
5F
36
17
B9
5F
36
5F
2E
60
C1
20
88
23
22
AC
DE
93
A3
9E
70
7E
E9
16
FC
CB
51
A2
FB
4F
CF
FA
FC
C3
D2
FB
72
1C
5E
41
D3
A1
1E
B6
E9
2A
65
F2
3C
E5
69
F2
3D
E5
51
98
3F
E5
51
F2
43
D5
55
EA
6F
9D
91
5F
C8
12
9F
62
3E
6F
A2
DF
9B
9A
EF
3B
21
64
64
47
CF
B4
97
09
2A
60
1B
F3
2E
42
FF
54
F2
A2
82
D2
3F
A3
F6
E4
28
B3
F6
E4
29
3E
74
39
AF
3D
E9
3F
5B
26
8D
40
5C
26
EE
03
BD
25
44
40
49
FE
CF
B5
96
89
15
06
E7
D9
7D
06
E8
E5
7D
59
E8
3B
BE
B2
39
C7
B6
A6
DE
AF
EF
A6
DF
AF
37
30
24
D4
57
BB
1D
62
64
78
22
62
64
78
87
03
7D
78
88
03
08
E9
B5
54
70
E9
B6
60
70
3C
B6
B6
B0
C9
C3
6E
40
CB
14
FA
0F
57
0D
EE
B5
BB
AF
06
B6
BB
B0
95
F6
E7
12
59
57
69
FF
79
59
69
00
E2
7D
6B
01
E2
B0
61
6C
E2
1A
6A
6C
38
37
F5
45
8D
8A
F4
9B
C1
15
39
C0
DD
18
79
FD
68
99
39
FE
68
99
BE
BF
DD
9A
04
14
31
9A
5A
4D
B6
5A
D0
33
0A
5A
26
4C
8B
1E
4B
4F
8B
1E
D4
C4
AF
3A
35
88
10
A3
A1
F5
10
A3
09
68
85
D1
6D
D1
F2
44
E4
35
47
44
3A
3A
CC
04
B0
43
20
04
06
44
A5
C4
7A
92
0F
C5
E2
FC
7D
39
49
65
E4
B0
B9
D8
38
01
B9
2E
41
84
7D
3B
CC
74
CE
90
36
B5
38
98
8C
B4
8E
A5
E4
04
E3
F6
4E
0C
39
DF
75
0C
39
E0
00
49
5D
62
C8
5B
5D
63
C8
C5
64
BD
BB
6A
AC
49
82
16
3A
C8
7B
C7
A2
73
D4
72
53
37
7F
72
A9
44
D7
F5
6D
51
38
B9
C6
51
09
0F
AF
F0
09
0F
AF
4E
97
54
1F
D2
57
59
A8
17
7C
69
05
18
7C
69
05
19
7C
69
6D
1A
7C
69
6D
DE
E2
9C
63
45
9D
EA
BD
AC
4A
51
F1
7D
BF
59
72
6C
C2
69
72
6D
AD
57
00
CC
AB
DC
FF
42
9D
68
76
7D
03
23
C7
C3
90
57
E5
2A
3E
BE
18
FB
B3
9E
DC
4D
E7
67
1E
79
A9
E0
22
EE
AB
CB
1A
22
6C
CF
DC
05
69
29
A0
91
E6
91
0A
96
4E
92
1A
97
4E
E9
84
98
4D
3F
95
24
3E
C1
81
29
3F
C1
81
B5
3B
2A
86
B7
3B
2A
DD
0B
3B
80
FD
76
3B
E8
7D
77
3B
E8
E7
7B
A5
E8
51
7D
0D
E9
51
7E
8D
40
51
D4
B1
C1
15
D9
B2
C1
15
9D
43
1A
15
6E
3F
EF
B7
D0
C9
2B
BC
1E
17
E4
6B
EB
F4
1F
05
72
15
AC
4D
D5
F6
1E
27
F1
D6
DB
05
5E
72
8A
A2
33
33
AE
EB
D0
0B
1C
99
E8
09
E6
43
6E
50
52
DE
98
58
D5
E9
40
12
BC
00
42
52
D8
01
CE
0D
21
E4
96
9B
E0
40
BD
9D
73
80
75
9E
73
80
76
12
2B
E4
77
13
2B
E4
78
13
0D
44
79
13
0D
44
7A
13
0D
44
7B
13
0D
44
7C
13
3B
44
7D
13
2B
50
7E
13
3B
50
7F
52
F8
32
6A
53
F8
32
D8
33
B1
75
42
69
56
F3
D9
8D
BA
6E
06
86
93
2A
5D
DB
AB
03
FB
8D
00
00
00
00
00
00
00
00
00
00
00
00
00
00
00
00
00
00
00
00
00
00
00
00
00
00
00
00
00
00
00
00
00
00
00
00
00
00
00
00
00
00
00
00
00
00
00
00
00
00
00
00
00
00
00
00
00
00
00
00
00
00
00
00
00
00
00
00
00
00
00
00
00
00
00
00
00
00
00
00
00
00
00
00
00
00
00
00
00
00
00
00
00
00
00
00
00
00
00
00
00
00
00
00
00
00
00
00
00
00
00
00
00
00
00
00
00
00
00
00
00
00
00
00
00
00
00
00
00
00
00
00
00
00
00
00
00
00
00
00
00
00
00
00
00
00
00
00
00
00
00
00
00
00
00
00
00
00
00
00
00
00
00
00
00
00
00
00
00
00
00
00
00
00
00
00
00
00
00
00
00
00
00
00
00
00
00
00
00
00
00
00
00
00
00
00
00
00
00
00
00
00
00
00
00
00
00
00
00
00
00
00
00
00
00
00
00
00
00
00
00
00
00
00
00
00
00
00
00
00
00
00
00
00
00
00
00
00
00
00
00
00
00
00
00
00
00
00
00
00
00
00
00
00
00
00
00
00
00
00
00
00
00
00
00
00
00
00
00
00
00
00
00
00
00
00
00
00
00
00
00
00
00
00
00
00
00
00
00
00
00
00
00
00
00
00
00
00
00
00
00
00
00
00
00
00
00
00
00
00
00
00
00
00
00
00
00
00
00
00
00
00
00
00
00
00
00
00
00
00
00
00
00
00
00
00
00
00
00
00
00
00
00
00
00
00
00
00
00
00
00
00
00
00
00
00
00
00
00
00
00
00
00
00
00
00
00
00
00
00
00
00
00
00
00
00
00
00
00
00
00
00
00
00
00
00
00
00
00
00
00
00
