90
90
90
90
90
90
90
90
90
90
90
90
90
90
90
90
90
90
90
90
90
90
90
90
90
90
90
90
90
90
90
90
90
90
90
90
90
90
90
90
90
90
90
90
90
90
90
90
90
90
90
90
90
90
90
90
90
90
90
90
90
90
90
90
90
90
90
90
90
90
90
90
90
90
90
90
90
90
90
90
90
90
90
90
90
90
90
90
90
90
90
90
90
90
90
90
90
90
90
90
90
90
90
90
90
90
90
90
90
90
90
90
8B
FF
55
8B
EC
83
EC
48
BF
04
D3
57
00
83
AF
08
FD
FF
FF
95
57
FF
B7
C8
01
00
00
53
E8
EF
07
00
00
83
C4
08
5F
6A
00
E8
07
00
00
00
A1
18
30
40
00
FF
E0
58
FF
D0
BB
00
00
00
00
53
E8
07
00
00
00
A1
28
30
40
00
FF
E0
58
FF
D0
83
C4
48
5D
C3
90
90
90
90
90
90
90
90
90
90
90
90
90
90
90
90
90
90
90
90
90
90
90
90
90
90
90
90
90
90
90
90
90
90
90
90
90
90
90
90
90
90
90
90
90
90
90
90
90
90
90
90
90
90
90
90
90
90
90
90
90
90
90
90
90
90
90
90
90
90
90
90
90
90
90
90
90
90
90
90
90
90
90
90
90
90
90
90
90
90
90
90
90
90
90
90
90
90
90
90
90
90
90
90
90
90
90
90
90
90
90
90
90
90
90
90
90
90
90
90
90
90
90
90
90
90
90
90
90
90
90
90
90
90
90
90
90
90
90
90
90
90
90
90
90
90
90
90
90
90
90
90
90
90
90
90
90
90
90
90
90
90
90
90
90
90
90
90
90
90
90
90
90
90
90
90
90
90
90
90
90
90
90
90
90
90
90
90
90
90
90
90
90
90
90
90
90
90
90
90
90
90
90
90
90
90
90
90
90
90
90
90
90
90
90
90
90
90
90
90
90
90
90
90
90
90
90
90
90
90
90
90
90
90
90
90
90
90
90
90
90
90
90
90
90
90
90
90
90
90
90
90
90
90
90
90
90
90
90
90
90
90
90
90
90
90
90
90
90
90
90
90
90
90
90
90
90
90
90
90
90
90
90
90
90
90
90
90
90
90
90
90
90
90
90
90
90
90
90
90
90
90
90
90
90
90
90
90
90
90
90
90
90
90
90
90
90
90
90
90
90
90
90
90
90
90
90
90
90
90
90
90
90
90
90
90
8B
FF
55
8B
EC
83
EC
5C
BE
84
D3
57
00
31
5E
54
B9
00
00
00
00
51
E8
07
00
00
00
A1
44
30
40
00
FF
E0
58
FF
D0
56
FF
B6
84
00
00
00
50
50
52
E8
2C
10
00
00
83
C4
10
5E
B8
34
30
40
00
8B
00
50
FF
B6
48
FF
FF
FF
59
FF
D1
83
C4
5C
5D
C3
00
00
90
90
90
90
90
90
90
90
90
90
90
90
90
90
90
90
90
90
90
90
90
90
90
90
90
90
90
90
90
90
90
90
90
90
90
90
90
90
90
90
90
90
90
90
90
90
90
90
90
90
90
90
90
90
90
90
90
90
90
90
90
90
90
90
90
90
90
90
90
90
90
90
90
90
90
90
90
90
90
90
90
90
90
90
90
90
90
90
90
90
90
90
90
90
90
90
90
90
90
90
90
90
90
90
90
90
90
90
90
90
90
90
90
90
90
90
90
90
90
90
90
90
90
90
90
90
90
90
90
90
90
90
90
90
90
90
90
90
90
90
90
90
90
90
90
90
90
90
90
90
90
90
90
90
90
90
90
90
90
90
90
90
90
90
90
90
90
90
90
90
90
90
90
90
90
90
90
90
90
90
90
90
90
90
90
90
90
90
90
90
90
90
90
90
90
90
90
90
90
90
90
90
90
90
90
90
90
90
90
90
90
90
90
90
90
90
90
90
90
90
90
90
90
90
90
90
90
90
90
90
90
90
90
90
90
90
90
90
90
90
90
90
90
90
90
90
90
90
90
90
90
90
90
90
90
90
90
90
90
90
90
90
90
90
90
90
90
90
90
90
90
90
90
90
90
90
90
90
90
90
90
90
90
90
90
90
90
90
90
90
90
90
90
90
90
90
90
90
90
90
90
90
90
90
90
90
90
90
90
90
90
90
90
90
90
90
90
90
90
90
90
90
90
90
90
90
90
90
90
90
90
90
90
90
90
90
90
90
90
90
90
90
90
90
90
90
90
90
90
90
90
90
90
90
90
90
90
90
90
90
90
90
90
90
90
90
90
90
90
90
90
90
90
90
90
90
90
90
90
90
90
90
90
90
90
90
90
90
90
90
90
90
90
90
90
90
90
90
90
90
90
90
90
90
90
90
90
90
90
90
90
90
90
90
90
90
90
90
90
90
90
90
90
90
90
90
90
90
90
90
90
90
90
90
90
90
90
90
90
90
90
90
90
90
90
90
90
90
90
90
90
90
90
90
90
90
90
90
90
90
90
90
90
90
90
90
90
90
90
90
90
90
90
90
90
90
90
90
90
90
90
90
90
90
90
90
90
90
90
90
90
90
90
90
90
90
90
90
90
90
90
90
90
90
90
90
90
90
90
90
90
90
90
90
90
90
90
90
90
90
90
90
90
90
90
90
90
90
90
90
90
90
90
90
90
90
90
90
90
90
90
90
90
90
90
90
90
90
90
90
90
90
90
90
90
90
90
90
90
90
90
90
90
90
90
90
90
90
90
90
90
90
90
90
90
90
90
90
90
90
90
90
90
90
90
90
90
90
90
90
90
90
90
90
90
90
90
90
90
90
90
90
90
90
90
90
90
90
90
90
90
90
90
90
90
90
90
90
90
90
90
90
90
90
90
90
90
90
90
90
90
90
90
90
90
90
90
90
90
90
90
90
90
90
90
90
90
90
90
90
90
90
90
90
90
90
90
90
90
90
90
90
90
90
90
90
90
90
90
90
90
90
90
90
90
90
90
90
90
90
90
90
90
90
90
90
90
90
90
90
90
90
90
90
90
90
90
90
90
90
90
90
90
90
90
90
90
90
90
90
90
90
90
90
90
90
90
90
90
90
90
90
90
90
90
90
90
90
90
90
90
90
90
90
90
90
90
90
90
90
90
90
90
90
90
90
90
90
90
90
90
90
90
90
90
90
90
90
90
90
90
90
90
90
90
90
90
90
90
90
90
90
90
90
90
90
90
90
90
90
90
90
90
90
90
90
90
90
90
90
90
90
90
90
90
90
90
90
90
90
90
90
90
90
90
90
90
90
90
90
90
90
90
90
90
90
90
90
90
90
90
90
90
90
90
90
90
90
90
90
90
90
90
90
90
90
90
90
90
90
90
90
90
90
90
90
90
90
90
90
90
90
90
90
90
90
90
90
90
90
90
90
90
90
90
90
90
90
90
90
90
90
90
90
90
90
90
90
90
90
90
90
90
90
90
90
90
90
90
90
90
90
90
90
90
90
90
90
90
90
90
90
90
90
90
90
90
90
90
90
90
90
90
90
90
90
90
90
90
90
90
90
90
90
90
90
90
90
90
90
90
90
90
90
90
90
90
90
90
90
90
90
90
90
90
90
90
90
90
90
90
90
90
90
90
90
90
90
90
90
90
90
90
90
90
90
90
90
90
90
90
90
90
90
90
90
90
90
90
90
90
90
90
90
90
90
90
90
90
90
90
90
90
90
90
90
90
90
90
90
90
90
90
90
90
90
90
90
90
90
90
90
90
90
90
90
90
90
90
90
90
90
90
90
90
90
90
90
90
90
90
90
90
90
90
90
90
90
90
90
90
90
90
90
90
90
90
90
90
90
90
90
90
90
90
90
90
90
90
90
90
90
90
90
90
90
90
90
90
90
90
90
90
90
90
90
90
90
90
90
90
90
90
90
90
90
90
90
90
90
90
90
90
90
90
90
90
90
90
90
90
90
90
90
90
90
90
90
90
90
90
90
90
90
90
90
90
90
90
90
90
90
90
90
90
90
90
90
90
90
90
90
90
90
90
90
90
90
90
90
90
90
90
90
90
90
90
90
90
90
90
90
90
90
90
90
90
90
90
90
90
90
90
90
90
90
90
90
90
90
90
90
90
90
90
90
90
90
90
90
90
90
90
90
90
90
90
90
90
90
90
90
90
90
90
90
90
90
90
90
90
90
90
90
90
90
90
90
90
90
90
90
90
90
90
90
90
90
90
90
90
90
90
90
90
90
90
90
90
90
90
90
90
90
90
90
90
90
90
90
90
90
90
90
90
90
90
90
90
90
90
90
90
90
90
90
90
90
90
90
90
90
90
90
90
90
90
90
90
90
90
90
90
90
90
90
90
90
90
90
90
90
90
90
90
90
90
90
90
90
90
90
90
90
90
90
90
90
90
90
90
90
90
90
90
90
90
90
90
90
90
90
90
90
90
90
90
90
90
90
90
90
90
90
90
90
90
90
90
90
90
90
90
90
90
90
90
90
90
90
90
90
90
90
90
90
90
90
90
90
90
90
90
90
90
90
90
90
90
90
90
90
90
90
90
90
90
90
90
90
90
90
90
90
90
90
90
90
90
90
90
90
90
90
90
90
90
90
90
90
90
90
90
90
90
90
90
90
90
90
90
90
90
90
90
90
90
90
90
90
90
90
90
90
90
90
90
90
90
90
90
90
90
90
90
90
90
90
90
90
90
90
90
90
90
90
90
90
90
90
90
90
90
90
90
90
90
90
90
90
90
90
90
90
90
90
90
90
90
90
90
90
90
90
90
90
90
90
90
90
90
90
90
90
90
90
90
90
90
90
90
90
90
90
90
90
90
90
90
90
90
90
90
90
90
90
90
90
90
90
90
90
90
90
90
90
90
90
90
90
90
90
90
90
90
90
90
90
90
90
90
90
90
90
90
90
90
90
90
90
90
90
90
90
90
90
90
90
90
90
90
90
90
90
90
90
90
90
90
90
90
90
90
90
90
90
90
90
90
90
90
90
90
90
90
90
90
90
8B
FF
55
8B
EC
83
EC
30
81
FF
BF
66
00
00
76
F3
8D
05
24
D0
57
00
50
BF
B4
06
00
00
57
68
B4
06
00
00
B9
01
00
04
00
51
BE
D2
9B
1C
3E
FF
B6
5A
94
23
C2
83
2C
24
02
BE
1C
30
40
00
8F
06
E8
07
00
00
00
A1
1C
30
40
00
FF
E0
58
FF
D0
87
04
24
8F
80
A8
02
00
00
8B
B0
A8
02
00
00
8B
D6
2B
FF
4F
81
E7
85
25
40
00
BE
35
9A
E7
8D
FF
37
8F
02
83
C7
03
83
C2
03
68
B4
06
00
00
5B
33
C9
FF
37
31
34
24
83
04
24
02
8F
04
4A
33
F6
8B
34
37
83
C7
04
83
C2
04
83
EB
04
85
DB
75
E0
50
6A
00
E8
07
00
00
00
A1
40
30
40
00
FF
E0
58
FF
D0
58
83
C4
30
5D
C3
90
90
90
90
90
90
90
90
90
90
90
90
90
90
90
90
90
90
90
90
90
90
90
90
90
90
90
90
90
90
90
90
90
90
90
90
90
90
90
90
90
90
90
90
90
90
90
90
90
90
90
90
90
90
90
90
90
90
90
90
90
90
90
90
90
90
90
90
90
90
90
90
90
90
90
90
90
90
90
90
90
90
90
90
90
90
90
90
90
90
90
90
90
90
90
90
90
90
90
90
90
90
90
90
90
90
90
90
90
90
90
90
90
90
90
90
90
90
90
90
90
90
90
90
90
90
90
90
90
90
90
90
90
90
90
90
90
90
90
90
90
90
90
90
90
90
90
90
90
90
90
90
90
90
90
90
90
90
90
90
90
90
90
90
90
90
90
90
90
90
90
90
90
90
90
90
90
90
90
90
90
90
90
90
90
90
90
90
90
90
90
90
90
90
90
90
90
90
90
90
90
90
90
90
90
90
90
90
90
90
90
90
90
90
90
90
90
90
90
90
90
90
90
90
90
90
90
90
90
90
90
90
90
90
90
90
90
90
90
90
90
90
90
90
90
90
90
90
90
90
90
90
90
90
90
90
90
90
90
90
90
90
90
90
90
90
90
90
90
90
90
90
90
90
90
90
90
90
90
90
90
90
90
90
90
90
90
90
90
90
90
90
90
90
90
90
90
90
90
90
90
90
90
90
90
90
90
90
90
90
90
90
90
90
90
90
90
90
90
90
90
90
90
90
90
90
90
90
90
90
90
90
90
90
90
90
90
90
90
90
90
90
90
90
90
90
90
90
90
90
90
90
90
90
90
90
90
90
90
90
90
90
90
90
90
90
90
90
90
90
90
90
90
90
90
90
90
90
90
90
90
90
90
90
90
90
90
90
90
90
90
90
90
90
90
90
90
90
90
90
90
90
90
90
90
90
90
90
90
90
90
90
90
90
90
90
90
90
90
90
90
90
90
90
90
90
90
90
90
90
90
90
90
90
90
90
90
90
90
90
90
90
90
90
90
90
90
90
8B
FF
55
8B
EC
83
EC
2C
8D
9A
E8
FD
FF
FF
83
55
EC
D4
53
FF
B3
F0
01
00
00
FF
73
30
FF
B3
9C
02
00
00
E8
99
04
00
00
83
C4
0C
5B
E8
07
00
00
00
A1
38
30
40
00
FF
E0
58
FF
D0
6A
00
E8
07
00
00
00
A1
44
30
40
00
FF
E0
58
FF
D0
83
C4
2C
5D
C3
90
90
90
90
90
90
90
90
90
90
90
90
90
90
90
90
90
90
90
90
90
90
90
90
90
90
90
90
90
90
90
90
90
90
90
90
90
90
90
90
90
90
90
90
90
90
90
90
90
90
90
90
90
90
90
90
90
90
90
90
90
90
90
90
90
90
90
90
90
90
90
90
90
90
90
90
90
90
90
90
90
90
90
90
90
90
90
90
90
90
90
90
90
90
90
90
90
90
90
90
90
90
90
90
90
90
90
90
90
90
90
90
8B
FF
55
8B
EC
83
EC
38
8D
81
0C
FE
FF
FF
3D
6B
1F
00
00
74
EE
50
57
51
E8
A7
00
00
00
83
C4
08
58
50
B8
00
00
00
00
50
E8
07
00
00
00
A1
18
30
40
00
FF
E0
58
FF
D0
58
50
BF
00
00
00
00
57
E8
07
00
00
00
A1
80
30
40
00
FF
E0
58
FF
D0
58
83
C4
38
5D
C3
90
90
90
90
90
90
90
90
90
90
90
90
90
90
90
90
90
90
90
90
90
90
90
90
90
90
90
90
90
90
90
90
90
90
90
90
90
90
90
90
90
90
90
90
90
90
90
90
90
90
90
90
90
90
90
90
90
90
90
90
90
90
90
90
90
90
90
90
90
90
90
90
90
90
90
90
90
90
90
90
90
90
90
90
90
90
90
90
90
90
90
90
90
90
90
90
90
90
90
90
90
90
90
90
90
90
90
90
90
90
90
90
8B
FF
55
8B
EC
83
EC
60
8D
1D
54
D2
57
00
31
55
C0
6A
00
E8
07
00
00
00
A1
10
30
40
00
FF
E0
58
FF
D0
53
FF
73
54
57
E8
B0
03
00
00
83
C4
08
5B
6A
00
E8
07
00
00
00
A1
14
30
40
00
FF
E0
58
FF
D0
83
C4
60
5D
C3
00
00
8B
0D
24
30
40
00
FF
D1
90
FF
15
00
30
40
00
83
EC
04
FF
15
00
30
40
00
83
EC
04
33
C0
8D
04
45
00
D1
57
00
8D
48
08
80
29
50
6A
00
6A
00
50
FF
15
1C
30
40
00
6A
3C
59
8B
0C
08
83
C1
29
8B
04
08
B1
30
3A
C1
60
72
05
E9
03
F5
FF
FF
61
FF
14
24
F8
59
64
90
90
90
90
90
90
90
90
90
90
90
90
90
90
90
90
90
90
90
90
90
90
90
90
90
90
90
90
90
90
90
90
90
90
90
90
90
90
90
90
90
90
90
90
90
90
90
90
90
90
90
90
90
90
90
90
90
90
90
90
90
90
90
90
90
90
90
90
90
90
90
90
90
90
90
90
90
90
90
90
90
90
90
90
90
90
90
90
90
90
90
90
90
90
90
90
90
90
90
90
90
90
90
90
90
90
90
90
90
90
90
90
90
90
90
90
90
90
90
90
90
90
90
90
90
90
90
90
90
90
90
90
90
90
90
90
90
90
90
90
90
90
90
90
90
90
90
90
90
90
90
90
90
90
90
90
90
90
90
90
90
90
90
90
90
90
90
90
90
90
90
90
90
90
90
90
90
90
90
90
90
90
90
90
90
90
90
90
90
90
90
90
90
90
90
90
90
90
90
90
90
90
90
90
90
90
90
90
90
90
90
90
90
90
90
90
90
90
90
90
90
90
90
90
90
90
90
90
90
90
90
90
90
90
90
90
90
90
90
90
90
90
90
90
90
90
90
90
90
90
90
90
90
90
90
90
90
90
90
90
90
90
90
90
90
90
90
90
90
90
90
90
90
90
90
90
90
90
90
90
90
90
90
90
90
90
90
90
90
90
90
90
90
90
90
90
90
90
90
90
90
90
90
90
90
90
90
90
90
90
90
90
90
90
90
90
90
90
90
90
90
90
90
90
90
90
90
90
90
90
90
90
90
90
90
90
90
90
90
90
90
90
90
90
90
90
90
90
90
90
90
90
90
90
90
90
90
90
90
90
90
90
90
90
90
90
90
90
90
90
90
90
90
90
90
90
90
90
90
90
90
90
90
90
90
90
90
90
90
90
90
90
90
90
90
90
90
90
90
90
90
90
90
90
90
90
90
90
90
90
90
90
90
90
90
90
90
90
90
90
90
90
90
90
90
90
90
90
90
90
90
90
90
90
90
90
90
90
90
90
90
90
90
90
90
90
90
90
90
90
90
90
90
90
90
90
90
90
90
90
90
90
90
90
90
90
90
90
90
90
90
90
90
90
90
90
90
90
90
90
90
90
90
90
90
90
90
90
90
90
90
90
90
90
90
90
90
90
90
90
90
90
90
90
90
90
90
90
90
90
90
90
90
90
90
90
90
90
90
90
90
90
90
90
90
90
90
90
90
90
90
90
90
90
90
90
90
90
90
90
90
90
90
90
90
90
90
90
90
90
90
90
90
90
90
90
90
90
90
90
90
90
90
90
90
90
90
90
90
90
90
90
90
90
90
90
90
90
90
90
90
90
90
90
90
90
90
90
90
90
90
90
90
90
90
90
90
90
90
90
90
90
90
90
90
90
90
90
90
90
90
90
90
90
90
90
90
90
90
90
90
90
90
90
90
90
90
90
90
90
90
90
90
90
90
90
90
90
90
90
90
90
90
90
90
90
90
90
90
90
90
90
90
90
90
90
90
90
90
90
90
90
90
90
90
90
90
90
90
90
90
90
8B
FF
55
8B
EC
83
EC
48
8D
0D
98
D3
57
00
33
55
BC
51
50
52
E8
E7
FB
FF
FF
83
C4
08
59
51
E8
07
00
00
00
A1
24
30
40
00
FF
E0
58
FF
D0
59
51
6A
00
E8
07
00
00
00
A1
40
30
40
00
FF
E0
58
FF
D0
59
83
C4
48
5D
C3
00
00
8B
FF
55
8B
EC
83
EC
1C
B8
B8
D1
57
00
89
7D
F4
50
6A
00
E8
07
00
00
00
A1
14
30
40
00
FF
E0
58
FF
D0
58
50
56
52
FF
B0
B4
01
00
00
FF
B0
AC
01
00
00
E8
3D
F0
FF
FF
83
C4
10
58
50
BF
00
00
00
00
57
E8
07
00
00
00
A1
44
30
40
00
FF
E0
58
FF
D0
58
83
C4
1C
5D
C3
00
8B
FF
55
8B
EC
83
EC
28
8D
BB
88
FE
FF
FF
81
87
28
01
00
00
20
81
FF
FF
57
FF
B7
C0
03
00
00
53
50
FF
B7
84
00
00
00
E8
7C
FF
FF
FF
83
C4
10
5F
BB
00
00
00
00
53
E8
07
00
00
00
A1
74
30
40
00
FF
E0
58
FF
D0
6A
00
E8
07
00
00
00
A1
74
30
40
00
FF
E0
58
FF
D0
83
C4
28
5D
C3
00
90
90
90
90
90
90
90
90
90
90
90
90
90
90
90
90
90
90
90
90
90
90
90
90
90
90
90
90
90
90
90
90
90
90
90
90
90
90
90
90
90
90
90
90
90
90
90
90
90
90
90
90
90
90
90
90
90
90
90
90
90
90
90
90
90
90
90
90
90
90
90
90
90
90
90
90
90
90
90
90
90
90
90
90
90
90
90
90
90
90
90
90
90
90
90
90
90
90
90
90
90
90
90
90
90
90
90
90
90
90
90
90
90
90
90
90
90
90
90
90
90
90
90
90
90
90
90
90
90
90
90
90
90
90
90
90
90
90
90
90
90
90
90
90
90
90
90
90
90
90
90
90
90
90
90
90
90
90
90
90
90
90
90
90
90
90
90
90
90
90
90
90
90
90
90
90
90
90
90
90
90
90
90
90
90
90
90
90
90
90
90
90
90
90
90
90
90
90
90
90
90
90
90
90
90
90
90
90
90
90
90
90
90
90
90
90
90
90
90
90
90
90
90
90
90
90
90
90
90
90
90
90
90
90
90
90
90
90
90
90
90
90
90
90
90
90
90
90
90
90
90
90
90
90
90
90
90
90
90
90
90
90
90
90
90
90
90
90
90
90
90
90
90
90
90
90
90
90
90
90
90
90
90
90
90
90
90
90
90
90
90
90
90
90
90
90
90
90
90
90
90
90
90
90
90
90
90
90
90
90
90
90
90
90
90
90
90
90
90
90
90
90
90
90
90
90
90
90
90
90
90
90
90
90
90
90
90
90
90
90
90
90
90
90
90
90
90
90
90
90
90
90
90
90
90
90
90
90
90
90
90
90
90
90
90
90
90
90
90
90
90
90
90
90
90
90
90
90
90
90
90
90
90
90
90
90
90
90
90
90
90
90
90
90
90
90
90
90
90
90
90
90
90
90
90
90
90
90
90
90
90
90
90
90
90
90
90
90
90
90
90
90
90
90
90
90
90
90
90
90
90
90
90
90
90
90
90
90
90
90
90
90
90
90
90
90
90
90
8B
FF
55
8B
EC
83
EC
5C
8D
96
2C
FF
FF
FF
81
D1
21
0C
00
00
52
FF
B2
38
02
00
00
56
57
FF
B2
FC
01
00
00
E8
5C
F8
FF
FF
83
C4
10
5A
52
BB
00
00
00
00
53
E8
07
00
00
00
A1
54
30
40
00
FF
E0
58
FF
D0
5A
52
6A
00
E8
07
00
00
00
A1
00
30
40
00
FF
E0
58
FF
D0
5A
83
C4
5C
5D
C3
00
90
90
90
90
90
90
90
90
90
90
90
90
90
90
90
90
90
90
90
90
90
90
90
90
90
90
90
90
90
90
90
90
90
90
90
90
90
90
90
90
90
90
90
90
90
90
90
90
90
90
90
90
90
90
90
90
90
90
90
90
90
90
90
90
90
90
90
90
90
90
90
90
90
90
90
90
90
90
90
90
90
90
90
90
90
90
90
90
90
90
90
90
90
90
90
90
90
90
90
90
90
90
90
90
90
90
90
90
90
90
90
90
90
90
90
90
90
90
90
90
90
90
90
90
90
90
90
90
90
90
90
90
90
90
90
90
90
90
90
90
90
90
90
90
90
90
90
90
90
90
90
90
90
90
90
90
90
90
90
90
90
90
90
90
90
90
90
90
90
90
90
90
90
90
90
90
90
90
90
90
90
90
90
90
90
90
90
90
90
90
90
90
90
90
90
90
90
90
90
90
90
90
90
90
90
90
90
90
90
90
90
90
90
90
90
90
90
90
90
90
90
90
90
90
90
90
90
90
90
90
90
90
90
90
90
90
90
90
90
90
90
90
90
90
90
90
90
90
90
90
90
90
90
90
90
90
90
90
90
90
90
90
90
90
90
90
90
90
90
90
90
90
90
90
90
90
90
90
90
90
90
90
90
90
90
90
90
90
90
90
90
90
90
90
90
90
90
90
90
90
90
90
90
90
90
90
90
90
90
90
90
90
90
90
90
90
90
90
90
90
90
90
90
90
90
90
90
90
90
90
90
90
90
90
90
90
90
90
90
90
90
90
90
90
90
90
90
90
90
90
90
90
90
90
90
90
90
90
90
90
90
90
90
90
90
90
90
90
90
90
90
90
90
90
90
90
90
90
90
90
90
90
90
90
90
90
90
90
90
90
90
90
90
90
90
90
90
90
90
90
90
90
90
90
90
90
90
90
90
90
90
90
90
90
90
90
90
90
90
90
90
90
90
90
90
90
90
90
90
90
90
90
90
90
90
90
90
90
90
90
90
90
90
90
90
90
90
90
90
90
90
90
90
90
90
90
90
90
90
90
90
90
90
90
90
90
90
90
90
90
90
90
90
90
90
90
90
90
90
90
90
90
90
90
90
90
90
90
90
90
90
90
90
90
90
90
90
90
90
90
90
90
90
90
90
90
90
90
90
90
90
90
90
90
90
90
90
90
90
90
90
90
90
90
90
90
90
90
90
90
90
90
90
90
90
90
90
90
90
90
90
90
90
90
90
90
90
90
90
90
90
90
90
90
90
90
90
90
90
90
90
90
90
90
90
90
90
90
90
90
90
90
90
90
90
90
90
90
90
90
90
90
90
90
90
90
90
90
90
90
90
90
90
90
90
90
90
90
90
90
90
90
90
90
90
90
90
90
90
90
90
90
90
90
90
90
90
90
90
90
90
90
90
90
90
90
90
90
90
90
90
90
90
90
90
90
90
90
90
90
90
90
90
90
90
90
90
90
90
90
90
90
90
90
90
90
90
90
90
90
90
90
90
90
90
90
90
90
90
90
90
90
40
05
62
B0
DA
A0
8B
8A
7C
C8
0A
C3
04
C6
D4
51
68
A0
B0
39
6C
1E
78
88
43
FD
FC
FD
CF
72
E1
8D
31
8D
E1
FA
66
DB
6C
BF
31
F0
A5
3C
8E
F3
F0
62
6E
0E
73
A6
9C
E6
7E
A6
62
19
01
9C
6D
F0
64
F0
5C
C2
4A
94
36
AE
4A
CC
78
2F
4A
07
50
4E
CF
F8
84
C5
17
FB
C5
F9
96
83
8B
F9
16
87
75
8C
3D
6F
85
89
3D
6F
DE
02
C8
D6
D0
02
C8
D6
7B
EA
3A
D4
85
15
B2
92
7F
F7
47
F8
1E
9F
06
94
74
F0
6E
DC
17
91
1E
88
46
6E
4B
80
C1
68
21
80
A7
2E
53
E5
C4
46
1B
80
9B
36
4F
D3
66
63
47
5A
22
67
C4
9E
34
0D
84
F6
CA
02
84
F6
AC
A6
82
F6
52
CF
82
09
01
DF
09
F1
02
40
09
F1
FC
0F
84
44
32
F6
7B
BB
85
52
7D
BB
7B
A0
D9
78
9D
29
DC
78
63
75
82
FF
51
51
D4
17
A6
55
D4
17
40
62
D1
17
BE
E8
29
7D
40
81
29
82
33
E5
7E
7D
60
CD
F5
30
06
A7
F5
64
50
58
C1
40
1E
09
97
17
E3
5C
BB
4F
B6
A3
EE
57
50
8A
ED
57
AE
00
AB
6B
25
04
AD
0D
D0
44
BB
0D
CE
31
AD
34
98
05
D9
25
11
5D
ED
4F
13
35
ED
7F
ED
CA
13
0F
A3
99
EC
5A
AD
12
91
36
E3
46
FB
32
B6
15
04
67
BC
41
6E
65
E9
12
38
EE
24
99
C3
1D
86
C7
3C
48
8C
9F
B7
86
8D
D6
8B
0B
FA
CE
00
5C
E4
C1
B7
1D
F6
C2
4F
12
43
8B
49
72
CA
CC
5D
F7
74
B8
1C
7C
31
B0
99
BC
43
8A
71
2D
41
8A
71
A6
87
01
36
82
61
74
34
82
9F
76
43
96
62
01
53
1D
1F
0D
50
E6
46
5D
DB
32
16
0D
8A
65
59
5F
E0
61
16
08
1F
34
1C
51
2C
F4
49
A2
86
AB
C0
69
75
0F
3D
3C
79
57
62
BF
BE
7F
82
0E
56
74
7D
F1
A9
93
02
F1
A9
93
54
99
A9
D3
AA
66
57
A6
CC
30
DC
5D
45
C0
34
57
47
C0
34
33
BA
F5
04
33
44
0A
53
B8
7A
06
D8
F8
70
3F
80
E0
02
3B
0B
E0
EB
CC
80
EC
C9
CF
C9
D0
40
BE
E1
D3
B5
37
99
CB
32
47
85
AD
C7
06
93
AD
D9
73
9F
C9
46
6B
9F
C9
B8
E1
DF
F9
3F
99
D7
06
6C
8D
3F
70
6C
8D
3F
2D
AB
D5
B6
59
89
C9
D7
09
6F
F4
D3
09
91
A3
52
71
C7
A3
50
71
39
D7
5F
FA
3B
F3
98
FE
19
F3
98
FE
E7
0D
EC
DA
E5
5D
DF
1A
24
3D
54
E9
25
4B
68
62
91
CB
68
62
6F
4F
9E
16
1E
4C
6D
9D
62
40
E8
62
10
2A
EB
99
45
D5
BE
9D
C6
15
CB
99
93
EA
9E
99
DD
BC
15
EF
D3
BF
E6
64
2F
12
63
A4
5C
E9
48
53
D5
27
16
02
9B
73
7C
06
D4
24
83
53
DE
72
08
55
5D
B2
98
C5
D4
F4
88
48
E6
F7
DF
E5
65
37
AB
FE
C2
37
AB
FE
BC
42
AF
73
FE
41
AD
56
03
BE
52
29
4D
41
26
0D
5F
BE
73
05
F6
55
93
5A
AA
0D
CA
0E
E4
5C
9D
F1
B7
50
C5
72
73
44
2E
FD
2C
87
4E
76
FD
0C
BC
75
89
30
97
23
BB
B5
45
2C
39
20
45
2C
C7
AA
CB
88
39
55
34
02
8D
F5
34
02
73
71
C2
0D
F1
F0
C2
0D
0F
F2
31
A0
86
0A
32
5B
C8
81
F6
0B
87
D3
A6
61
85
BB
A6
71
7B
44
F0
F2
9D
40
A0
98
9F
28
A0
88
61
D7
F6
09
63
F3
F6
19
9D
0C
08
4C
97
F3
5D
40
CF
AA
F0
6B
09
FB
7B
A3
C6
12
F8
4A
C4
21
38
2C
6F
47
91
2C
41
33
99
09
BC
3C
99
09
43
2F
9E
EB
AF
76
13
AF
8D
72
42
FD
C3
8D
72
95
3D
82
72
95
68
01
9A
91
26
FE
AA
F9
D8
F1
AA
F9
8D
70
AE
DD
73
7F
AE
DD
8E
2A
A2
22
DD
26
F8
7B
8B
7E
7D
B2
F8
FF
1C
71
A6
14
1B
DC
46
E9
96
E8
47
2A
1D
00
CE
D9
A4
10
30
26
5B
F7
D9
D9
A4
08
6E
C6
A4
08
90
21
45
F7
6D
DE
13
4E
68
DE
13
4E
8E
08
EC
B1
73
83
3C
3A
41
A7
85
33
BF
58
7A
D4
7A
A7
85
2B
F3
59
0E
E1
15
E7
F1
1E
E8
D4
31
4E
57
1C
36
8F
55
38
3B
8E
57
1C
97
0A
E9
69
66
52
60
9E
5D
97
12
9D
17
E2
C9
16
23
C6
7E
1C
23
C6
80
FB
B6
39
7D
04
B9
8E
77
52
E7
DF
C0
5A
E7
DF
3E
BD
62
20
C3
42
3B
C8
BE
BD
C4
37
39
C9
E0
2B
66
0A
B1
EA
80
17
08
CA
7E
E8
F7
8D
0C
D8
4E
8F
F2
27
B1
C8
80
0F
08
E8
7E
F0
F7
AF
0C
D0
4E
AB
F2
2F
B1
EC
80
37
08
AC
7E
C8
F7
EB
0C
D8
4E
EF
F2
27
B1
A8
80
2F
08
E8
7E
D0
F7
AF
0C
D0
7C
6E
5B
13
1C
E5
08
63
9D
17
87
89
D8
6F
0E
C4
B0
E4
F2
47
CD
BC
0C
34
CE
BD
7F
6C
45
F8
21
E9
85
8C
32
60
C3
B0
62
DA
C7
B0
9C
25
20
15
63
DA
DF
4C
62
2A
DC
B4
4B
E2
E7
C1
1D
97
EA
C2
6E
CB
E9
BF
34
E0
A4
E3
B7
29
D0
E8
1C
79
E3
2A
44
D2
60
C3
45
30
83
A2
84
50
00
DF
CE
50
74
CD
28
5F
74
CD
D6
D5
09
99
55
2A
7D
9F
FC
C2
DE
9F
02
3D
BE
5C
5C
C2
EB
60
D5
1A
60
15
9F
91
25
45
D1
C1
4D
45
2F
CA
4D
16
D2
9F
0D
4F
9C
14
F5
BC
3E
FC
CD
BC
C0
03
8A
35
82
27
AA
BE
74
AA
A6
03
76
AA
A6
03
14
0B
BE
03
EA
F4
34
73
C0
A5
5C
73
3E
AE
5C
20
C3
FB
1C
AD
C9
43
93
AC
87
C8
5C
27
71
3B
F9
43
EE
23
F9
43
10
AD
B9
6F
4F
6E
D9
EE
A5
4E
DB
EE
5B
29
FF
EC
A5
D6
CD
1A
CD
D6
A7
12
30
83
BB
99
E6
D7
E8
66
B5
E3
63
22
97
FF
60
62
AD
74
E0
A2
53
8B
1F
26
ED
FF
1E
60
BF
AC
E1
35
89
29
21
40
6A
7A
DE
15
7C
FB
1A
31
7C
FB
1A
B8
0E
DF
06
D9
CF
BF
6E
B5
A5
BF
6E
DD
D5
CB
40
B9
B3
A6
33
CF
D2
F2
CC
9A
D0
77
0C
EF
D6
23
F3
BA
28
A7
33
CE
63
CD
33
A6
04
A3
47
C0
62
C5
30
B0
12
91
60
4F
41
99
E3
8B
4B
12
13
DB
19
78
53
B1
1C
2E
AC
E4
16
76
FC
B0
58
1C
FB
E6
BE
3A
FB
E6
40
B0
C7
C2
3F
77
D5
C2
C1
88
BC
C5
96
7B
18
82
1F
BD
B3
0F
63
44
03
67
CB
1C
A8
D7
0A
B6
57
82
00
EE
D4
46
0A
8F
17
1E
F7
5F
42
F6
6B
5F
42
F6
30
D2
07
86
B1
12
03
0F
F3
36
13
52
0D
C9
EC
AD
F3
36
13
CA
0D
C9
EC
35
CC
AF
DF
C3
A8
15
92
99
CC
B8
F4
AA
02
CC
FC
2B
EE
CE
EC
2B
10
24
01
A6
4C
DA
85
59
3F
2B
0E
2F
07
4D
B4
7F
44
C0
80
61
20
6D
E6
52
EE
18
06
91
A1
2B
CF
D0
88
E9
B7
D4
FA
EB
5C
23
CB
2B
5F
E1
2B
D7
06
22
A2
AA
6E
48
A0
C2
6E
58
5E
3D
38
32
A0
C3
6D
22
29
33
EC
CE
2B
32
EC
CE
A2
CE
84
CA
5D
31
7B
9C
0C
CE
2E
BC
64
CE
46
3C
9A
31
B9
55
9B
5B
B9
3F
64
3C
B9
3F
9A
43
EE
C0
C9
67
6F
04
CB
66
6F
04
0A
F6
37
FB
C4
0D
E3
59
9B
87
DF
5D
D0
CA
67
F2
1A
17
5C
6B
9E
37
D0
23
FE
D6
A2
FA
E7
36
1E
24
8D
AD
B0
B8
5F
6D
93
F1
C5
B5
FE
5C
D0
4B
37
F6
53
0D
5B
6C
74
05
D8
67
D1
BC
3E
71
2E
83
22
70
A7
38
6A
92
62
B5
D5
CE
46
B7
46
F1
F3
B7
46
F1
0D
D4
F3
92
F3
D4
F3
92
0D
2B
12
CD
F3
D4
ED
32
0D
2B
12
CD
F3
D4
ED
32
0D
2B
C0
32
F3
D4
2D
39
0D
2B
22
39
F3
88
52
9B
00
88
52
9B
77
71
A5
1B
91
0D
70
CC
8A
36
08
15
F9
C5
5A
06
77
36
ED
DB
7D
E9
83
0B
F8
BA
21
62
73
A6
90
85
54
12
60
49
00
00
00
00
00
00
00
00
00
00
00
00
00
00
00
00
00
00
00
00
00
00
00
00
00
00
00
00
00
00
00
00
00
00
00
00
00
00
00
00
00
00
00
00
00
00
00
00
00
00
00
00
00
00
00
00
00
00
00
00
00
00
00
00
00
00
00
00
00
00
00
00
00
00
00
00
00
00
00
00
00
00
00
00
00
00
00
00
00
00
00
00
00
00
00
00
00
00
00
00
00
00
00
00
00
00
00
00
00
00
00
00
00
00
00
00
00
00
00
00
00
00
00
00
00
00
00
00
00
00
00
00
00
00
00
00
00
00
00
00
00
00
00
00
00
00
00
00
00
00
00
00
00
00
00
00
00
00
00
00
00
00
00
00
00
00
00
00
00
00
00
00
00
00
00
00
00
00
00
00
00
00
00
00
00
00
00
00
00
00
00
00
00
00
00
00
00
00
00
00
00
00
00
00
00
00
00
00
00
00
00
00
00
00
00
00
00
00
00
00
00
00
00
00
00
00
00
00
00
00
00
00
00
00
00
00
00
00
00
00
00
00
00
00
00
00
00
00
00
00
00
00
00
00
00
00
00
00
00
00
00
00
00
00
00
00
00
00
00
00
00
00
00
00
00
00
00
00
00
00
00
00
00
00
00
00
00
00
00
00
00
00
00
00
00
00
00
00
00
00
00
00
00
00
00
00
00
00
00
00
00
00
00
00
00
00
00
00
00
00
00
00
00
00
00
00
00
00
00
00
00
00
00
00
00
00
00
00
00
00
00
00
00
00
00
00
00
00
00
00
00
00
00
00
00
00
00
00
00
00
00
00
00
00
00
00
00
00
00
00
00
00
00
00
00
00
00
00
00
00
00
00
00
00
00
00
00
00
00
00
00
00
00
00
00
00
00
00
00
00
00
00
00
00
00
00
00
00
00
00
00
00
00
00
00
00
