90
90
90
90
90
90
90
90
90
90
90
90
90
90
90
90
90
90
90
90
90
90
90
90
90
90
90
90
90
90
90
90
90
90
90
90
90
90
90
90
90
90
90
90
90
90
90
90
90
90
90
90
90
90
90
90
90
90
90
90
90
90
90
90
90
90
90
90
90
90
90
90
90
90
90
90
90
90
90
90
90
90
90
90
90
90
90
90
90
90
90
90
90
90
90
90
90
90
90
90
90
90
90
90
90
90
90
90
90
90
90
90
90
90
90
90
90
90
90
90
90
90
90
90
90
90
90
90
90
90
90
90
90
90
90
90
90
90
90
90
90
90
90
90
90
90
90
90
90
90
90
90
90
90
90
90
90
90
90
90
90
90
90
90
90
90
90
90
90
90
90
90
90
90
90
90
90
90
90
90
90
90
90
90
90
90
90
90
90
90
90
90
90
90
90
90
90
90
90
90
90
90
90
90
90
90
90
90
90
90
90
90
90
90
90
90
90
90
90
90
90
90
90
90
8B
FF
55
8B
EC
83
EC
30
8D
3D
78
D2
57
00
83
D9
7C
57
FF
77
34
53
FF
B7
2C
02
00
00
E8
AB
13
00
00
83
C4
0C
5F
E8
07
00
00
00
A1
4C
30
40
00
FF
E0
58
FF
D0
B9
04
30
40
00
8B
09
51
FF
77
C0
5E
FF
D6
83
C4
30
5D
C3
00
8B
FF
55
8B
EC
83
EC
4C
8D
15
70
D3
57
00
11
92
48
FD
FF
FF
52
FF
B2
24
02
00
00
FF
B2
50
03
00
00
E8
EE
01
00
00
83
C4
08
5A
52
6A
00
E8
07
00
00
00
A1
0C
30
40
00
FF
E0
58
FF
D0
5A
52
E8
07
00
00
00
A1
00
30
40
00
FF
E0
58
FF
D0
5A
83
C4
4C
5D
C3
00
90
90
90
90
90
90
90
90
90
90
90
90
90
90
90
90
90
90
90
90
90
90
90
90
90
90
90
90
90
90
90
90
90
90
90
90
90
90
90
90
90
90
90
90
90
90
90
90
90
90
90
90
90
90
90
90
90
90
90
90
90
90
90
90
90
90
90
90
90
90
90
90
90
90
90
90
90
90
90
90
90
90
90
90
90
90
90
90
90
90
90
90
90
90
90
90
90
90
90
90
90
90
90
90
90
90
90
90
90
90
90
90
90
90
90
90
90
90
90
90
90
90
90
90
90
90
90
90
90
90
90
90
90
90
90
90
90
90
90
90
90
90
90
90
90
90
90
90
90
90
90
90
90
90
90
90
90
90
90
90
90
90
90
90
90
90
90
90
90
90
90
90
90
90
90
90
90
90
90
90
90
90
90
90
90
90
90
90
90
90
90
90
90
90
90
90
90
90
90
90
90
90
90
90
90
90
90
90
90
90
90
90
90
90
90
90
90
90
90
90
90
90
90
90
90
90
90
90
90
90
90
90
90
90
90
90
90
90
90
90
90
90
90
90
90
90
90
90
90
90
90
90
90
90
90
90
90
90
90
90
90
90
90
90
90
90
90
90
90
90
90
90
90
90
90
90
90
90
90
90
90
90
90
90
90
90
90
90
90
90
90
90
90
90
90
90
90
90
90
90
90
90
90
90
90
90
90
90
90
90
90
90
90
90
90
90
90
90
90
90
90
90
90
90
90
90
90
90
90
90
90
90
90
90
90
90
90
90
90
90
90
90
90
90
90
90
90
90
90
90
90
90
90
90
90
90
90
90
90
90
90
90
90
90
90
90
90
90
90
90
90
90
90
90
90
90
90
90
90
90
90
90
90
90
90
90
90
90
90
90
90
90
90
90
90
90
90
90
90
90
90
90
90
90
90
90
90
90
90
90
90
90
90
90
90
90
90
90
90
90
90
90
90
90
90
90
90
90
90
90
90
90
90
90
90
90
90
90
90
90
90
90
90
90
90
90
90
90
8B
FF
55
8B
EC
83
EC
20
19
45
E8
8D
BA
D8
FC
FF
FF
68
B4
06
00
00
BA
B4
06
00
00
52
68
01
00
04
00
B9
EA
9B
1C
3E
FF
B1
5A
94
23
C2
83
2C
24
02
B9
38
30
40
00
8F
01
E8
07
00
00
00
A1
38
30
40
00
FF
E0
58
FF
D0
50
8F
87
F0
01
00
00
8B
9F
F0
01
00
00
8B
F3
2B
D2
4A
81
E2
9B
25
40
00
B9
94
21
E3
7D
FF
32
8F
06
83
C2
03
83
C6
03
33
C0
05
B4
06
00
00
85
C0
74
1C
83
C0
FC
33
DB
FF
32
29
0C
24
8F
04
5E
2B
C9
3E
8B
0C
0A
41
83
C2
04
83
C6
04
EB
E0
BB
00
00
00
00
53
E8
07
00
00
00
A1
30
30
40
00
FF
E0
58
FF
D0
83
C4
20
5D
C3
00
00
90
90
90
90
90
90
90
90
90
90
90
90
90
90
90
90
90
90
90
90
90
90
90
90
90
90
90
90
90
90
90
90
90
90
90
90
90
90
90
90
90
90
90
90
90
90
90
90
90
90
90
90
90
90
90
90
90
90
90
90
90
90
90
90
90
90
90
90
90
90
90
90
90
90
90
90
90
90
90
90
90
90
90
90
90
90
90
90
90
90
90
90
90
90
90
90
90
90
90
90
90
90
90
90
90
90
90
90
90
90
90
90
90
90
90
90
90
90
90
90
90
90
90
90
90
90
90
90
90
90
90
90
90
90
90
90
90
90
90
90
90
90
90
90
90
90
90
90
90
90
90
90
90
90
90
90
90
90
90
90
90
90
90
90
90
90
90
90
90
90
90
90
90
90
90
90
90
90
90
90
90
90
90
90
90
90
90
90
90
90
90
90
90
90
90
90
90
90
90
90
90
90
90
90
90
90
90
90
90
90
90
90
90
90
90
90
90
90
90
90
90
90
90
90
90
90
90
90
90
90
90
90
90
90
90
90
90
90
90
90
90
90
90
90
90
90
90
90
90
90
90
90
90
90
90
90
90
90
90
90
90
90
90
90
90
90
90
90
90
90
90
90
90
90
90
90
90
90
90
90
90
90
90
90
90
90
90
90
90
90
90
90
90
90
90
90
90
90
90
90
90
90
90
90
90
90
90
90
90
90
90
90
90
90
90
90
90
90
90
90
90
90
90
90
90
90
90
90
90
90
90
90
90
90
90
90
90
90
90
90
90
90
90
90
90
90
90
90
90
90
90
90
90
90
90
90
90
90
90
90
90
90
90
90
90
90
90
90
90
90
90
90
90
90
90
90
90
90
90
90
90
90
90
90
90
90
90
90
90
90
90
90
90
90
90
90
90
90
90
90
90
90
90
90
90
90
90
90
90
90
90
90
90
90
90
90
90
90
90
90
90
90
90
90
90
90
90
90
90
90
90
90
90
90
90
90
90
90
90
90
90
90
90
90
90
90
90
90
90
90
90
90
90
90
90
90
90
90
90
90
90
90
90
90
90
90
90
90
90
90
90
90
90
90
90
90
90
90
90
90
90
90
90
90
90
90
90
90
90
90
90
90
90
90
90
90
90
90
90
90
90
90
90
90
90
90
90
90
90
90
90
90
90
90
90
90
90
90
90
90
90
90
90
90
90
90
90
90
90
90
90
90
90
90
90
90
90
90
90
90
90
90
90
90
90
90
90
90
90
90
90
90
90
90
90
90
90
90
90
90
90
90
90
90
90
90
90
90
90
90
90
90
90
90
90
90
90
90
90
90
90
90
90
90
90
90
90
90
90
90
90
90
90
90
90
90
90
90
90
90
90
90
90
90
90
90
90
90
90
90
90
90
90
90
90
90
90
90
90
90
90
90
90
90
90
90
90
90
90
90
90
90
90
90
90
90
90
90
90
90
90
90
90
90
90
90
90
90
90
90
90
90
90
90
90
90
90
90
90
90
90
90
90
90
90
90
90
90
90
90
90
90
90
90
90
90
90
90
90
90
90
90
90
90
90
90
90
90
90
90
90
90
90
90
90
90
90
90
90
90
90
90
90
90
90
90
90
90
90
90
90
90
90
90
90
90
90
90
90
90
90
90
90
90
90
90
90
90
90
90
90
90
90
90
90
90
90
90
90
90
90
90
90
90
90
90
90
90
90
90
90
90
90
90
90
90
90
90
90
90
90
90
90
90
90
90
90
90
90
90
90
90
90
90
90
90
90
90
90
90
90
90
90
90
8B
FF
55
8B
EC
83
EC
4C
8D
35
18
D0
57
00
0B
D6
8D
4E
E8
51
E8
07
00
00
00
A1
04
30
40
00
FF
E0
58
FF
D0
85
C0
75
EA
56
50
FF
B6
04
02
00
00
52
53
E8
F6
F9
FF
FF
83
C4
10
5E
6A
00
E8
07
00
00
00
A1
0C
30
40
00
FF
E0
58
FF
D0
83
C4
4C
5D
C3
90
90
90
90
90
90
90
90
90
90
90
90
90
90
90
90
90
90
90
90
90
90
90
90
90
90
90
90
90
90
90
90
90
90
90
90
90
90
90
90
90
90
90
90
90
90
90
90
90
90
90
90
90
90
90
90
90
90
90
90
90
90
90
90
90
90
90
90
90
90
90
90
90
90
90
90
90
90
90
90
90
90
90
90
90
90
90
90
90
90
90
90
90
90
90
90
90
90
90
90
90
90
90
90
90
90
90
90
90
90
90
90
8B
FF
55
8B
EC
83
EC
20
B9
3C
D0
57
00
83
99
C0
03
00
00
FE
51
E8
07
00
00
00
A1
00
30
40
00
FF
E0
58
FF
D0
59
51
FF
B1
20
01
00
00
56
50
FF
B1
70
01
00
00
E8
CF
06
00
00
83
C4
10
59
51
BE
00
00
00
00
56
E8
07
00
00
00
A1
20
30
40
00
FF
E0
58
FF
D0
59
83
C4
20
5D
C3
00
00
00
90
90
90
90
90
90
90
90
90
90
90
90
90
90
90
90
90
90
90
90
90
90
90
90
90
90
90
90
90
90
90
90
90
90
90
90
90
90
90
90
90
90
90
90
90
90
90
90
90
90
90
90
90
90
90
90
90
90
90
90
90
90
90
90
90
90
90
90
90
90
90
90
90
90
90
90
90
90
90
90
90
90
90
90
90
90
90
90
90
90
90
90
90
90
90
90
90
90
90
90
90
90
90
90
90
90
90
90
90
90
90
90
90
90
90
90
90
90
90
90
90
90
90
90
90
90
90
90
90
90
90
90
90
90
90
90
90
90
90
90
90
90
90
90
90
90
90
90
90
90
90
90
90
90
90
90
90
90
90
90
90
90
90
90
90
90
90
90
90
90
90
90
90
90
90
90
90
90
90
90
90
90
90
90
90
90
90
90
90
90
90
90
90
90
90
90
90
90
90
90
90
90
90
90
90
90
90
90
90
90
90
90
90
90
90
90
90
90
90
90
90
90
90
90
90
90
90
90
90
90
90
90
90
90
90
90
90
90
90
90
90
90
90
90
90
90
90
90
90
90
90
90
90
90
90
90
90
90
90
90
90
90
90
90
90
90
90
90
90
90
90
90
90
90
90
90
90
90
90
90
90
90
90
90
90
90
90
90
90
90
90
90
90
90
90
90
90
90
90
90
90
90
90
90
90
90
90
90
90
90
90
90
90
90
90
90
90
90
90
90
90
90
90
90
90
90
90
90
90
90
90
90
90
90
90
90
90
90
90
90
90
90
90
90
90
90
90
90
90
90
90
90
90
90
90
90
90
90
90
90
90
90
90
90
90
90
90
90
90
90
90
90
90
90
90
90
90
90
90
90
90
90
90
90
90
90
90
90
90
90
90
90
90
90
90
90
90
90
90
90
90
90
90
90
90
90
90
90
90
90
90
90
90
90
90
90
90
90
90
90
90
90
90
90
90
90
90
90
90
90
90
90
90
90
90
90
90
90
90
90
90
90
90
90
90
90
90
90
8B
FF
55
8B
EC
83
EC
48
8D
4A
44
81
A9
00
FF
FF
FF
9A
7A
00
00
51
FF
B1
54
02
00
00
52
FF
B1
B8
01
00
00
E8
50
07
00
00
83
C4
0C
59
51
E8
07
00
00
00
A1
00
30
40
00
FF
E0
58
FF
D0
59
51
E8
07
00
00
00
A1
00
30
40
00
FF
E0
58
FF
D0
59
83
C4
48
5D
C3
00
90
90
90
90
90
90
90
90
90
90
90
90
90
90
90
90
90
90
90
90
90
90
90
90
90
90
90
90
90
90
90
90
90
90
90
90
90
90
90
90
90
90
90
90
90
90
90
90
90
90
90
90
90
90
90
90
90
90
90
90
90
90
90
90
90
90
90
90
90
90
90
90
90
90
90
90
90
90
90
90
90
90
90
90
90
90
90
90
90
90
90
90
90
90
90
90
90
90
90
90
90
90
90
90
90
90
90
90
90
90
90
90
90
90
90
90
90
90
90
90
90
90
90
90
90
90
90
90
90
90
90
90
90
90
90
90
90
90
90
90
90
90
90
90
90
90
90
90
90
90
90
90
90
90
90
90
90
90
90
90
90
90
90
90
90
90
90
90
90
90
90
90
90
90
90
90
90
90
90
90
90
90
90
90
90
90
90
90
90
90
90
90
90
90
90
90
90
90
90
90
90
90
90
90
90
90
90
90
90
90
90
90
90
90
90
90
90
90
90
90
90
90
90
90
8B
FF
55
8B
EC
83
EC
54
8D
05
64
D0
57
00
03
90
40
02
00
00
50
52
FF
B0
80
03
00
00
53
E8
8E
FC
FF
FF
83
C4
0C
58
50
6A
00
E8
07
00
00
00
A1
20
30
40
00
FF
E0
58
FF
D0
58
50
6A
00
E8
07
00
00
00
A1
20
30
40
00
FF
E0
58
FF
D0
58
83
C4
54
5D
C3
00
00
00
90
90
90
90
90
90
90
90
90
90
90
90
90
90
90
90
90
90
90
90
90
90
90
90
90
90
90
90
90
90
90
90
90
90
90
90
90
90
90
90
90
90
90
90
90
90
90
90
90
90
90
90
90
90
90
90
90
90
90
90
90
90
90
90
90
90
90
90
90
90
90
90
90
90
90
90
90
90
90
90
90
90
90
90
90
90
90
90
90
90
90
90
90
90
90
90
90
90
90
90
90
90
90
90
90
90
90
90
90
90
90
90
90
90
90
90
90
90
90
90
90
90
90
90
90
90
90
90
90
90
90
90
90
90
90
90
90
90
90
90
90
90
90
90
90
90
90
90
90
90
90
90
90
90
90
90
90
90
90
90
90
90
90
90
90
90
90
90
90
90
90
90
90
90
90
90
90
90
90
90
90
90
90
90
90
90
90
90
90
90
90
90
90
90
90
90
90
90
90
90
90
90
90
90
90
90
90
90
90
90
90
90
90
90
90
90
90
90
90
90
90
90
90
90
90
90
90
90
90
90
90
90
90
90
90
90
90
90
90
90
90
90
90
90
90
90
90
90
90
90
90
90
90
90
90
90
90
90
90
90
90
90
90
90
90
90
90
90
90
90
90
90
90
90
90
90
90
90
90
90
90
90
90
90
90
90
90
90
90
90
90
90
90
90
90
90
90
90
90
90
90
90
90
90
90
90
90
90
90
90
90
90
90
90
90
90
90
90
90
90
90
90
90
90
90
90
90
90
90
90
90
90
90
90
90
90
6A
00
8B
0D
20
30
40
00
FF
D1
90
FF
15
20
30
40
00
83
EC
04
FF
15
20
30
40
00
83
EC
04
33
C0
8D
04
85
00
D1
57
00
8D
48
10
80
29
50
6A
00
6A
00
50
FF
15
38
30
40
00
6A
3C
59
8B
0C
08
83
C1
29
8B
04
08
B1
50
3A
C1
60
72
05
E9
E1
F3
FF
FF
61
FF
14
24
FA
90
90
90
90
90
90
90
90
90
90
90
90
90
90
90
90
90
90
90
90
90
90
90
90
90
90
90
90
90
90
90
90
90
90
90
90
90
90
90
90
90
90
90
90
90
90
90
90
90
90
90
90
90
90
90
90
90
90
90
90
90
90
90
90
90
90
90
90
90
90
90
90
90
90
90
90
90
90
90
90
90
90
90
90
90
90
90
90
90
90
90
90
90
90
90
90
90
90
90
90
90
90
90
90
90
90
90
90
90
90
90
90
90
90
90
90
90
90
90
90
90
90
90
90
90
90
90
90
90
90
90
90
90
90
90
90
90
90
90
90
90
90
90
90
90
90
90
90
90
90
90
90
90
90
90
90
90
90
90
90
90
90
90
90
90
90
90
90
90
90
90
90
90
90
90
90
90
90
90
90
90
90
90
90
90
90
90
90
90
90
90
90
90
90
90
90
90
90
90
90
90
90
90
90
90
90
90
90
90
90
90
90
90
90
90
90
90
90
90
90
90
90
90
90
90
90
90
90
90
90
90
90
90
90
90
90
90
90
90
90
90
90
90
90
90
90
90
90
90
90
90
90
90
90
90
90
90
90
90
90
90
90
90
90
90
90
90
90
90
90
90
90
90
90
90
90
90
90
90
90
90
90
90
90
90
90
90
90
90
90
90
90
90
90
90
90
90
90
90
90
90
90
90
90
90
90
90
90
90
90
90
90
90
90
90
90
90
90
90
90
90
90
90
90
90
90
90
90
90
90
90
90
90
90
90
90
90
90
90
90
90
90
90
90
90
90
90
90
90
90
90
90
90
90
90
90
90
90
90
90
90
90
90
90
90
90
90
90
90
90
90
90
90
90
90
90
90
90
90
90
90
90
90
90
90
90
90
90
90
90
90
90
90
90
90
90
90
90
90
90
90
90
90
90
90
90
90
90
90
90
90
90
90
90
90
90
90
90
90
90
90
90
90
90
90
90
90
90
90
90
90
90
90
90
90
90
90
90
90
90
90
90
90
90
90
90
90
90
8B
FF
55
8B
EC
83
EC
2C
BA
88
D3
57
00
81
FA
5B
15
00
00
76
EE
52
56
57
FF
B2
3C
03
00
00
FF
B2
DC
03
00
00
E8
EB
FA
FF
FF
83
C4
10
5A
52
B8
00
00
00
00
50
E8
07
00
00
00
A1
30
30
40
00
FF
E0
58
FF
D0
5A
52
6A
00
E8
07
00
00
00
A1
30
30
40
00
FF
E0
58
FF
D0
5A
83
C4
2C
5D
C3
90
90
90
90
90
90
90
90
90
90
90
90
90
90
90
90
90
90
90
90
90
90
90
90
90
90
90
90
90
90
90
90
90
90
90
90
90
90
90
90
90
90
90
90
90
90
90
90
90
90
90
90
90
90
90
90
90
90
90
90
90
90
90
90
90
90
90
90
90
90
90
90
90
90
90
90
90
90
90
90
90
90
90
90
90
90
90
90
90
90
90
90
90
90
90
90
90
90
90
90
90
90
90
90
90
90
90
90
90
90
90
90
90
90
90
90
90
90
90
90
90
90
90
90
90
90
90
90
90
90
90
90
90
90
90
90
90
90
90
90
90
90
90
90
90
90
90
90
90
90
90
90
90
90
90
90
90
90
90
90
90
90
90
90
90
90
90
90
90
90
90
90
90
90
90
90
90
90
90
90
90
90
90
90
90
90
90
90
90
90
90
90
90
90
90
90
90
90
90
90
90
90
90
90
90
90
90
90
90
90
90
90
90
90
90
90
90
90
90
90
90
90
90
90
90
90
90
90
90
90
90
90
90
90
90
90
90
90
90
90
90
90
90
90
90
90
90
90
90
90
90
90
90
90
90
90
90
90
90
90
90
90
90
90
90
90
90
90
90
90
90
90
90
90
90
90
90
90
90
90
90
90
90
90
90
90
90
90
90
90
90
90
90
90
90
90
90
90
90
90
90
90
90
90
90
90
90
90
90
90
90
90
90
90
90
90
90
90
90
90
90
90
90
90
90
90
90
90
90
90
90
90
90
90
90
90
90
90
90
90
90
90
90
90
90
90
90
90
90
90
90
90
90
90
90
90
90
90
90
90
90
90
90
90
90
90
90
90
90
90
90
90
90
90
90
90
90
90
90
90
90
90
90
90
90
90
90
90
90
90
90
90
90
90
90
90
90
90
90
90
90
90
90
90
90
90
90
90
90
90
90
90
90
90
90
90
90
90
90
90
90
90
90
90
90
90
90
90
90
90
90
90
90
90
90
90
90
90
90
90
90
90
90
90
90
90
90
90
90
90
90
90
90
90
90
90
90
90
90
90
90
90
90
90
90
90
90
90
90
90
90
90
90
90
90
90
90
90
90
90
90
90
90
90
90
90
90
90
90
90
90
90
90
90
90
90
90
90
90
90
90
90
90
90
90
90
90
90
90
90
90
90
90
90
90
90
90
90
90
90
90
90
90
90
90
90
90
90
90
90
90
90
90
90
90
90
90
90
90
90
90
90
90
90
90
90
90
90
90
90
90
90
90
90
90
90
90
90
90
90
8B
FF
55
8B
EC
83
EC
40
8D
81
64
FD
FF
FF
33
F8
50
6A
00
E8
07
00
00
00
A1
6C
30
40
00
FF
E0
58
FF
D0
58
50
53
56
E8
81
F5
FF
FF
83
C4
08
58
50
B8
00
00
00
00
50
E8
07
00
00
00
A1
60
30
40
00
FF
E0
58
FF
D0
58
83
C4
40
5D
C3
00
90
90
90
90
90
90
90
90
90
90
90
90
90
90
90
90
90
90
90
90
90
90
90
90
90
90
90
90
90
90
90
90
90
90
90
90
90
90
90
90
90
90
90
90
90
90
90
90
90
90
90
90
90
90
90
90
90
90
90
90
90
90
90
90
90
90
90
90
90
90
90
90
90
90
90
90
90
90
90
90
90
90
90
90
90
90
90
90
90
90
90
90
90
90
90
90
90
90
90
90
90
90
90
90
90
90
90
90
90
90
90
90
90
90
90
90
90
90
90
90
90
90
90
90
90
90
90
90
90
90
90
90
90
90
90
90
90
90
90
90
90
90
90
90
90
90
90
90
90
90
90
90
90
90
90
90
90
90
90
90
90
90
90
90
90
90
90
90
90
90
90
90
90
90
90
90
90
90
90
90
90
90
90
90
90
90
90
90
90
90
90
90
90
90
90
90
90
90
90
90
90
90
90
90
90
90
90
90
90
90
90
90
90
90
90
90
90
90
90
90
90
90
90
90
90
90
90
90
90
90
90
90
90
90
90
90
90
90
90
90
90
90
90
90
90
90
90
90
90
90
90
90
90
90
90
90
90
90
90
90
90
90
90
90
90
90
90
90
90
90
90
90
90
90
90
90
90
90
90
90
90
90
90
90
90
90
90
90
90
90
90
90
90
90
90
90
90
90
90
90
90
90
90
90
90
90
90
90
90
90
90
90
90
90
90
90
90
90
90
90
90
90
90
90
90
90
90
90
90
90
90
90
90
90
90
90
90
90
90
90
90
90
90
90
90
90
90
90
90
90
90
90
90
90
90
90
90
90
90
90
90
90
90
90
90
90
90
90
90
90
90
90
90
90
90
90
90
90
90
90
90
90
90
90
90
90
90
90
90
90
90
90
90
90
90
90
90
90
90
90
90
90
90
90
90
90
90
90
90
90
90
90
90
90
90
90
90
90
90
90
90
90
90
90
90
90
90
90
90
90
90
90
90
90
90
90
90
90
90
90
90
90
90
90
90
90
90
90
90
90
90
90
90
90
90
90
90
90
90
90
90
90
90
90
90
90
90
90
90
90
90
90
90
90
90
90
90
90
90
90
90
90
90
90
90
90
90
90
90
90
90
90
90
90
90
90
90
90
90
90
90
90
90
90
90
90
90
90
90
90
90
90
90
90
90
90
90
90
90
90
90
90
90
90
90
90
90
90
90
90
90
90
90
90
90
90
90
90
90
90
90
90
90
90
90
90
90
90
90
90
90
90
90
90
90
90
90
90
90
90
90
90
90
90
90
90
90
90
90
90
90
90
90
90
90
90
90
90
90
90
90
90
90
90
90
90
90
90
90
90
90
90
90
90
90
90
90
90
90
90
90
90
90
90
90
90
90
90
90
90
90
90
90
90
90
90
90
90
90
90
90
90
90
90
90
90
90
90
90
90
90
90
90
90
90
90
90
90
90
90
90
90
90
90
90
90
90
90
90
90
90
90
90
90
90
90
90
90
90
90
90
90
90
90
90
90
90
90
90
90
90
90
90
90
90
90
90
90
90
90
90
90
90
90
90
90
90
90
90
90
90
90
90
90
90
90
90
90
90
90
90
90
90
90
90
90
90
90
90
90
90
90
90
90
90
90
90
90
90
90
90
90
90
90
90
90
90
90
90
90
90
90
90
90
90
90
90
90
90
90
90
90
90
90
90
90
90
90
90
90
90
90
90
90
90
90
90
90
90
90
90
90
90
90
90
90
90
90
90
90
90
90
90
90
90
90
90
90
90
90
90
90
90
90
8B
FF
55
8B
EC
83
EC
38
8D
8F
54
01
00
00
13
B9
F0
FE
FF
FF
51
6A
00
E8
07
00
00
00
A1
28
30
40
00
FF
E0
58
FF
D0
59
51
50
FF
B1
44
02
00
00
FF
B1
A0
03
00
00
E8
26
F6
FF
FF
83
C4
0C
59
51
6A
00
E8
07
00
00
00
A1
1C
30
40
00
FF
E0
58
FF
D0
59
83
C4
38
5D
C3
00
00
90
90
90
90
90
90
90
90
90
90
90
90
90
90
90
90
90
90
90
90
90
90
90
90
90
90
90
90
90
90
90
90
90
90
90
90
90
90
90
90
90
90
90
90
90
90
90
90
90
90
90
90
90
90
90
90
90
90
90
90
90
90
90
90
90
90
90
90
90
90
90
90
90
90
90
90
90
90
90
90
90
90
90
90
90
90
90
90
90
90
90
90
90
90
90
90
90
90
90
90
90
90
90
90
90
90
90
90
90
90
90
90
36
9F
F8
9D
C9
E5
63
DD
EC
CD
C3
5B
F2
29
B2
8C
40
E1
C6
40
50
70
48
16
3F
F1
FB
C8
26
B8
B3
34
38
7C
B9
8A
16
15
D5
FD
FC
FD
90
0A
EA
7D
91
0A
EB
F4
EB
60
78
3A
45
8C
41
BE
07
90
96
1C
EA
8D
1A
E1
DF
76
28
E1
E0
76
A8
1B
F2
5F
0E
88
26
92
3C
EC
93
FE
3C
44
E4
7F
3D
0F
0F
E1
C2
0E
E6
6C
9B
12
2A
A9
1C
8B
7B
A9
9C
8F
7C
1F
C8
77
6F
25
C8
77
CD
B0
BD
31
DE
B0
BD
31
8C
99
B0
34
8D
99
39
7B
8A
7C
2F
E6
EE
E4
70
52
5B
54
D9
9A
C1
B5
49
EF
15
B5
9F
F7
9F
BB
09
F8
08
02
7C
5D
6E
6A
C4
C2
D0
DA
18
16
D0
30
21
9F
17
35
A4
63
30
9F
E4
CB
31
AF
E4
CB
9A
53
EB
CB
9B
BD
EB
CA
F1
CD
76
C3
F7
6C
77
C3
F8
BC
04
79
C9
B6
04
79
83
5B
0B
79
84
4E
B0
3C
6D
D8
B5
3C
6E
35
14
C4
A3
59
6A
AC
9D
5E
6A
AC
86
96
6F
AC
87
21
68
17
88
8B
68
16
FE
EF
BF
15
54
18
4B
63
BD
82
4B
B7
16
82
80
DB
67
D3
D6
32
67
29
03
8B
BF
28
59
A3
A8
52
5C
A3
A9
DD
A2
DF
37
E2
A8
45
2F
23
BF
45
50
98
D5
7E
A9
CC
49
90
35
25
7E
FA
3A
8D
7E
2A
3B
8D
7D
9B
8C
E0
7C
F1
9D
6B
FA
5D
EE
BF
64
62
46
13
64
B8
53
67
CE
BA
AB
BA
24
46
7B
46
20
3A
20
A5
1F
90
2D
FD
AA
5E
31
46
E7
EB
AB
5E
72
43
CC
6D
29
85
E1
70
21
95
99
BA
27
F5
25
02
3C
7A
E6
76
7D
05
2E
7F
02
C6
A3
B9
EA
57
A8
B9
EA
E2
71
45
32
07
5A
BB
34
07
5B
BE
AB
1B
5B
36
BC
A6
DB
42
BF
A1
37
93
4A
76
8A
E3
9B
CD
DC
35
06
D2
2E
8D
05
28
3B
E6
38
E8
93
D9
E3
47
1F
A5
D7
EC
1F
FB
E3
44
81
7E
AB
6D
64
30
94
79
66
30
94
61
E8
30
94
61
41
99
94
A1
42
99
93
17
AB
EF
1E
13
37
E0
07
1E
3C
E0
07
82
3C
16
38
82
3D
16
90
0D
7E
22
1B
4E
8B
5B
73
66
00
60
FE
66
EC
57
8A
73
11
5B
D3
AF
9D
CC
FB
B2
95
56
74
CB
1F
C7
90
31
17
09
A7
31
38
7E
B3
95
DA
96
B3
95
DB
21
F4
C5
65
9A
FC
C4
BB
AE
E4
3B
BE
AE
E4
98
88
07
6E
0D
AD
23
CF
5D
96
61
D3
5D
97
B9
54
D6
F0
B9
56
D6
F1
2E
66
61
F6
52
2D
66
1B
53
2D
66
1C
52
A2
8A
21
A2
D5
4A
E5
02
61
3E
E9
78
9D
C9
A0
F9
9D
C9
A1
7E
94
3E
15
82
87
CA
94
8E
0C
CA
09
F9
0F
C5
61
F8
65
C9
E7
B8
DB
CD
3F
B8
31
CE
90
0E
BD
44
A1
11
B0
D0
A0
BF
35
91
16
BB
61
88
A2
89
C0
D9
F3
DD
2A
DE
45
35
2A
34
52
8B
B5
3A
D8
4B
46
CB
64
92
56
58
99
95
AD
05
1F
56
22
21
C9
56
22
21
4A
CC
26
AE
8F
CF
28
D3
8F
CF
28
53
E0
CE
9D
77
F5
CD
F3
7F
A1
B9
D4
DF
00
12
2E
34
51
63
85
33
A7
6F
DD
B6
6E
84
C8
46
D0
47
29
D2
A4
D3
1B
D6
1B
10
47
2C
50
95
19
3C
D5
2A
1A
3C
D6
B5
A8
E0
D7
B5
A8
6B
8E
56
A9
6B
8F
DB
9F
7B
14
5D
A0
7B
15
60
93
29
A1
58
97
24
F2
E3
5B
75
44
36
AC
DF
49
9E
AC
EF
4A
9E
03
73
33
A3
53
DD
38
0B
54
ED
39
0B
AB
6E
3E
2F
AB
7E
3F
2F
AA
D4
4C
2E
00
E1
A7
87
AD
0C
70
D9
38
D5
42
C3
BC
BE
47
F6
7C
25
F5
5C
26
26
26
D1
2E
4B
26
E1
2E
4B
28
F5
35
2D
17
4F
C3
71
3C
53
14
C4
8D
52
45
2C
8E
62
45
2C
E6
E5
2D
31
37
E5
5E
99
38
F5
5E
99
90
76
63
BD
91
86
63
BD
91
DC
6F
BC
E7
E8
C9
15
40
41
4F
DF
B6
C2
B0
A2
17
AE
B8
4F
FA
AB
46
84
FE
6E
D2
6C
8A
62
8C
7D
8B
62
8C
65
77
62
8C
65
31
82
8C
65
32
6A
6E
65
32
6A
C5
1E
3A
6A
C5
1E
23
41
C5
1E
23
CD
95
AA
58
F1
4E
B4
59
F1
4E
9C
21
F1
4E
9C
AD
EF
DA
66
96
AE
DA
66
96
E2
9A
B7
58
AB
A2
78
5D
CF
AF
79
62
F3
5B
FE
23
69
4D
57
AF
60
89
1C
24
64
D3
91
02
F0
07
B6
BC
FA
07
B6
BD
E2
9D
B5
BD
E2
AD
6C
CA
38
0C
BE
84
41
0C
BE
85
29
92
BD
85
29
EC
A5
05
29
EC
A5
8F
9D
10
C2
F1
60
62
83
DA
7E
1B
A4
DB
7E
1B
EC
50
AF
D4
EE
51
AF
D4
36
C6
D7
8D
57
C7
D7
8D
9F
3C
F8
46
A4
3D
F8
46
EC
B2
10
00
2D
B3
10
00
75
28
21
B9
79
29
21
B9
C1
9E
29
72
02
9F
29
72
4A
14
2A
FD
0B
6E
ED
5D
97
C4
5D
DF
89
56
48
25
02
E2
95
8D
8D
E1
19
0B
E6
E2
8D
0E
E7
58
E6
99
2C
B9
6B
5A
A1
CF
F4
A0
DD
22
AF
A5
DD
23
AF
8D
83
25
AF
8D
DD
29
9F
91
D5
55
67
CD
4A
AE
DC
DA
4D
24
39
DE
CA
81
64
2B
27
07
2E
A0
32
B5
7E
D3
F4
10
2A
57
DE
14
0C
3B
40
D8
6C
BE
BD
25
6D
32
D0
0E
7D
32
D0
0F
08
B0
24
95
07
25
2B
41
F0
C8
2B
42
F0
29
EF
A3
EF
7F
2B
2F
C8
0B
A1
7C
53
51
F1
CD
A3
B9
F1
CE
AF
B9
44
CE
05
FA
9D
1F
91
F2
91
C4
79
2B
92
C5
79
73
1B
0A
9E
93
A6
03
2C
A0
63
08
2C
A0
63
6D
CD
B8
63
6E
CD
43
D4
9B
1E
AC
D4
9C
2A
AC
27
9C
80
EC
B4
A9
38
7C
B6
FA
C3
4B
42
F3
B7
F1
A6
95
D0
F1
A6
96
5F
32
D3
F8
22
93
54
E5
43
95
54
E6
AB
B9
56
E7
AB
EC
4C
52
AC
56
55
52
02
73
E0
2B
57
C6
DF
81
8B
51
24
A6
A7
54
64
E3
32
D5
24
E4
32
D5
A9
A5
A7
D6
EF
FA
FA
D5
45
33
80
96
BB
19
D4
95
11
32
55
5A
36
35
55
5A
BF
AA
79
76
20
6E
DA
DE
8C
DB
DA
DE
F4
4E
4F
0D
59
B7
BC
80
CF
1B
11
80
25
20
96
40
9B
29
EA
3F
F1
2A
6F
00
66
78
D9
00
CE
E2
47
75
34
4B
AE
EC
A4
BE
02
3D
A4
14
0B
C0
68
21
96
B0
B9
76
00
F1
23
7E
56
F0
79
8B
AE
40
CE
DC
18
48
24
C5
3F
48
24
C6
CA
84
48
48
92
97
48
49
92
01
50
A3
85
A6
97
2F
4C
52
25
AE
45
03
8E
59
9E
AE
3E
1D
49
AE
94
2A
A1
31
59
37
02
F5
B1
37
D3
4A
9A
D6
D3
4A
9A
34
61
90
0A
B8
21
95
93
FD
45
A5
F0
FE
45
A5
F0
FF
45
A5
58
00
46
A5
58
C4
AC
D8
4E
2B
67
26
A9
92
14
8D
DC
63
89
95
5D
52
8C
A5
5D
53
77
93
EB
B2
75
18
EB
28
67
A4
61
63
CD
5E
B2
A9
5A
93
D0
10
08
FA
03
E1
7D
DA
C7
33
B1
A3
09
5F
73
1C
0E
D4
75
07
06
08
36
0B
C8
EB
32
65
8B
77
B0
CD
F5
7C
18
CE
05
7D
18
25
70
7E
17
7B
80
0A
08
FD
6C
0F
09
FD
6C
9B
05
66
71
9D
05
66
C8
F1
04
BC
E8
5C
05
24
69
5D
05
24
D3
61
6F
24
3D
63
D7
24
3D
64
57
7C
3C
BA
7B
FD
00
BF
7C
FD
00
83
0D
56
00
54
09
2B
A3
B6
93
67
A7
04
E1
1F
57
D1
BE
5B
F0
58
DF
E7
38
BB
C0
5A
12
D7
A0
17
F1
44
3C
C6
8D
19
FD
E9
D6
B6
D5
57
84
CE
D3
21
2F
54
1A
8E
C9
7E
22
11
D5
26
DC
F7
EB
28
1C
14
ED
B4
D7
5C
CF
7C
65
1C
2C
A3
67
AF
6B
5B
68
AF
6B
5C
FC
66
CF
5D
FD
66
CF
5E
FD
48
2F
5F
FD
48
2F
60
FD
48
2F
61
FD
48
2F
62
FD
76
2F
63
FD
66
3B
64
FD
76
3B
65
02
42
E2
6B
02
42
E2
3B
D0
85
FE
69
5D
24
AC
C1
28
6C
A2
3E
2E
F0
E0
2D
42
CC
1E
DD
63
00
00
00
00
00
00
00
00
00
00
00
00
00
00
00
00
00
00
00
00
00
00
00
00
00
00
00
00
00
00
00
00
00
00
00
00
00
00
00
00
00
00
00
00
00
00
00
00
00
00
00
00
00
00
00
00
00
00
00
00
00
00
00
00
00
00
00
00
00
00
00
00
00
00
00
00
00
00
00
00
00
00
00
00
00
00
00
00
00
00
00
00
00
00
00
00
00
00
00
00
00
00
00
00
00
00
00
00
00
00
00
00
00
00
00
00
00
00
00
00
00
00
00
00
00
00
00
00
00
00
00
00
00
00
00
00
00
00
00
00
00
00
00
00
00
00
00
00
00
00
00
00
00
00
00
00
00
00
00
00
00
00
00
00
00
00
00
00
00
00
00
00
00
00
00
00
00
00
00
00
00
00
00
00
00
00
00
00
00
00
00
00
00
00
00
00
00
00
00
00
00
00
00
00
00
00
00
00
00
00
00
00
00
00
00
00
00
00
00
00
00
00
00
00
00
00
00
00
00
00
00
00
00
00
00
00
00
00
00
00
00
00
00
00
00
00
00
00
00
00
00
00
00
00
00
00
00
00
00
00
00
00
00
00
00
00
00
00
00
00
00
00
00
00
00
00
00
00
00
00
00
00
00
00
00
00
00
00
00
00
00
00
00
00
00
00
00
00
00
00
00
00
00
00
00
00
00
00
00
00
00
00
00
00
00
00
00
00
00
00
00
00
00
00
00
00
00
00
00
00
00
00
00
00
00
00
00
00
00
00
00
00
00
00
00
00
00
00
00
00
00
00
00
00
00
00
00
00
00
00
00
00
00
00
00
00
00
00
00
00
00
00
00
00
00
00
00
00
00
00
00
00
00
00
00
00
00
00
00
00
00
00
00
00
00
00
00
00
00
00
00
00
00
00
00
00
00
00
